===== Pretest calibration commands =====
n -> neutral pose capture
f -> flex straight capture
b -> flex bent capture
1 -> select HALF_RAISED action
2 -> select PICKING action
s -> start trial
e -> end trial
a -> accept last ended trial
r -> reject last ended trial
h -> help
NEUTRAL_START
DATA,26448,NEUTRAL,0,NONE,1.002,0.268,0.047,-2.412,1.588,-0.817,-0.884,-0.239,-0.257,-1.527,-3.695,0.130,0.00,0.00,1867,0.0,0,0
DATA,26523,NEUTRAL,0,NONE,0.989,0.280,0.056,-3.763,-1.321,0.160,-0.879,-0.245,-0.239,-0.237,-1.008,1.214,0.00,0.00,1868,0.0,0,0
DATA,26598,NEUTRAL,0,NONE,0.980,0.276,0.059,0.137,-1.321,1.885,-0.875,-0.243,-0.230,-3.809,1.740,0.626,0.00,0.00,1870,0.0,0,0
DATA,26673,NEUTRAL,0,NONE,0.975,0.269,0.039,-0.275,-1.924,1.901,-0.864,-0.242,-0.246,-3.550,2.626,0.481,0.00,0.00,1869,0.0,0,0
DATA,26748,NEUTRAL,0,NONE,0.987,0.274,0.036,-4.053,-2.443,1.824,-0.873,-0.246,-0.243,-0.084,1.992,1.748,0.00,0.00,1869,0.0,0,0
DATA,26823,NEUTRAL,0,NONE,0.982,0.282,0.045,-3.336,-1.267,2.832,-0.873,-0.251,-0.239,-1.229,1.038,2.916,0.00,0.00,1869,0.0,0,0
DATA,26898,NEUTRAL,0,NONE,0.985,0.270,0.031,-2.061,-0.008,2.885,-0.870,-0.242,-0.252,-2.664,-0.496,2.939,0.00,0.00,1869,0.0,0,0
DATA,26973,NEUTRAL,0,NONE,0.985,0.275,0.048,-3.061,-0.145,2.656,-0.874,-0.247,-0.246,-1.511,-0.931,2.824,0.00,0.00,1870,0.0,0,0
DATA,27048,NEUTRAL,0,NONE,0.986,0.267,0.044,-1.794,-0.115,1.924,-0.873,-0.237,-0.243,-2.481,-0.496,1.374,0.00,0.00,1870,0.0,0,0
DATA,27123,NEUTRAL,0,NONE,0.993,0.267,0.040,-1.924,0.130,1.817,-0.874,-0.239,-0.252,-2.603,-0.382,1.107,0.00,0.00,1869,0.0,0,0
DATA,27198,NEUTRAL,0,NONE,0.996,0.265,0.040,-2.046,-0.046,1.878,-0.880,-0.236,-0.253,-2.573,-0.634,1.641,0.00,0.00,1871,0.0,0,0
DATA,27273,NEUTRAL,0,NONE,0.987,0.256,0.041,-2.473,-0.618,1.435,-0.872,-0.231,-0.252,-1.305,-0.191,1.489,0.00,0.00,1869,0.0,0,0
DATA,27348,NEUTRAL,0,NONE,0.995,0.260,0.039,-2.496,-0.573,1.137,-0.877,-0.231,-0.249,-1.435,0.313,0.863,0.00,0.00,1869,0.0,0,0
DATA,27423,NEUTRAL,0,NONE,0.991,0.257,0.039,-1.962,-0.824,1.275,-0.876,-0.228,-0.248,-1.733,0.458,0.809,0.00,0.00,1870,0.0,0,0
DATA,27498,NEUTRAL,0,NONE,0.999,0.257,0.042,-1.756,-0.573,1.710,-0.878,-0.227,-0.252,-2.282,0.160,0.885,0.00,0.00,1869,0.0,0,0
DATA,27573,NEUTRAL,0,NONE,1.000,0.260,0.043,-3.939,-0.282,1.840,-0.877,-0.231,-0.259,-0.985,-0.397,1.878,0.00,0.00,1869,0.0,0,0
DATA,27648,NEUTRAL,0,NONE,0.991,0.261,0.045,-0.908,0.092,2.412,-0.876,-0.234,-0.249,-3.298,-0.588,1.756,0.00,0.00,1870,0.0,0,0
DATA,27723,NEUTRAL,0,NONE,0.996,0.255,0.039,-1.481,0.954,2.023,-0.877,-0.226,-0.257,-2.725,-1.069,1.641,0.00,0.00,1868,0.0,0,0
DATA,27798,NEUTRAL,0,NONE,0.988,0.254,0.043,-2.412,0.069,1.191,-0.874,-0.230,-0.258,-1.832,-1.145,1.542,0.00,0.00,1869,0.0,0,0
DATA,27873,NEUTRAL,0,NONE,0.993,0.256,0.038,-2.366,0.359,0.687,-0.878,-0.230,-0.254,-1.366,-0.794,0.588,0.00,0.00,1871,0.0,0,0
DATA,27948,NEUTRAL,0,NONE,0.995,0.250,0.037,-2.160,-0.931,0.260,-0.876,-0.223,-0.251,-1.618,-0.214,-0.031,0.00,0.00,1870,0.0,0,0
DATA,28023,NEUTRAL,0,NONE,0.999,0.252,0.042,-2.511,-0.603,-0.145,-0.877,-0.229,-0.251,-1.687,-0.519,-0.664,0.00,0.00,1869,0.0,0,0
DATA,28098,NEUTRAL,0,NONE,0.990,0.251,0.044,-1.840,-0.779,-0.244,-0.875,-0.223,-0.247,-1.748,-0.008,-0.397,0.00,0.00,1869,0.0,0,0
DATA,28173,NEUTRAL,0,NONE,0.994,0.249,0.038,-2.656,-0.573,-0.076,-0.874,-0.223,-0.253,-0.863,-0.389,0.015,0.00,0.00,1871,0.0,0,0
DATA,28248,NEUTRAL,0,NONE,0.992,0.249,0.042,-1.305,-0.344,0.565,-0.874,-0.224,-0.252,-2.672,-0.382,0.321,0.00,0.00,1870,0.0,0,0
DATA,28323,NEUTRAL,0,NONE,1.000,0.248,0.035,-2.969,-0.038,1.221,-0.877,-0.223,-0.258,-1.458,-0.931,1.412,0.00,0.00,1871,0.0,0,0
DATA,28398,NEUTRAL,0,NONE,0.993,0.255,0.040,-2.344,-0.389,1.382,-0.875,-0.226,-0.258,-1.466,-0.443,1.603,0.00,0.00,1870,0.0,0,0
NEUTRAL_END
FLEX_STRAIGHT_START
DATA,33376,FLEX_STRAIGHT,0,NONE,1.000,0.227,0.027,-0.321,2.550,-0.725,-0.870,-0.209,-0.270,-2.977,-3.519,-0.534,54.88,59.62,1866,0.0,0,0
DATA,33451,FLEX_STRAIGHT,0,NONE,0.998,0.230,0.037,-2.214,-0.924,-0.076,-0.880,-0.207,-0.259,-2.084,-0.794,-0.198,55.68,60.43,1869,0.0,0,0
DATA,33526,FLEX_STRAIGHT,0,NONE,1.002,0.232,0.026,-1.802,-1.130,0.840,-0.877,-0.209,-0.263,-1.947,1.618,0.191,56.48,61.39,1870,0.0,0,0
DATA,33601,FLEX_STRAIGHT,0,NONE,0.993,0.232,0.028,-3.618,-2.893,1.298,-0.869,-0.210,-0.263,-0.092,2.580,1.458,57.39,62.35,1869,0.0,0,0
DATA,33676,FLEX_STRAIGHT,0,NONE,1.005,0.231,0.032,-6.435,-3.565,1.191,-0.879,-0.212,-0.265,1.924,2.893,2.069,58.31,63.27,1869,0.0,0,0
DATA,33751,FLEX_STRAIGHT,0,NONE,0.990,0.239,0.031,-3.809,-2.947,1.771,-0.874,-0.218,-0.252,-0.427,2.840,1.802,59.19,64.27,1869,0.0,0,0
DATA,33826,FLEX_STRAIGHT,0,NONE,0.997,0.228,0.029,-3.374,-1.145,1.611,-0.873,-0.210,-0.258,-0.863,1.824,1.389,59.96,65.20,1868,0.0,0,0
DATA,33901,FLEX_STRAIGHT,0,NONE,1.003,0.231,0.028,-2.137,-0.954,1.405,-0.878,-0.213,-0.265,-2.435,-0.015,0.954,60.72,66.06,1870,0.0,0,0
DATA,33976,FLEX_STRAIGHT,0,NONE,1.000,0.227,0.035,-1.267,0.718,1.130,-0.876,-0.208,-0.265,-1.794,-1.336,0.985,61.36,66.82,1868,0.0,0,0
DATA,34051,FLEX_STRAIGHT,0,NONE,0.998,0.231,0.030,-0.534,1.076,0.649,-0.876,-0.212,-0.259,-3.427,-1.863,0.099,61.96,67.58,1870,0.0,0,0
DATA,34126,FLEX_STRAIGHT,0,NONE,0.996,0.226,0.034,0.550,1.244,0.931,-0.871,-0.211,-0.267,-4.092,-2.053,-0.061,61.20,68.34,1869,0.0,0,0
DATA,34201,FLEX_STRAIGHT,0,NONE,0.997,0.226,0.025,-0.069,1.405,0.740,-0.872,-0.207,-0.268,-4.000,-2.069,-0.084,61.82,69.11,1870,0.0,0,0
DATA,34276,FLEX_STRAIGHT,0,NONE,1.005,0.223,0.021,-1.985,0.748,0.618,-0.876,-0.203,-0.271,-2.611,-1.710,0.733,62.44,69.85,1870,0.0,0,0
DATA,34351,FLEX_STRAIGHT,0,NONE,1.011,0.234,0.031,-2.809,2.458,0.710,-0.883,-0.219,-0.273,-0.038,0.664,1.198,61.70,70.67,1871,0.0,0,0
DATA,34426,FLEX_STRAIGHT,0,NONE,1.001,0.220,0.105,-0.336,10.435,-0.626,-0.931,-0.215,-0.237,-3.023,7.107,-6.885,60.21,71.90,1870,0.0,0,0
DATA,34501,FLEX_STRAIGHT,0,NONE,0.984,0.267,0.107,0.649,5.107,-5.725,-0.950,-0.234,-0.246,2.344,32.260,-14.802,59.36,74.51,1845,0.0,0,0
DATA,34576,FLEX_STRAIGHT,0,NONE,0.977,0.272,0.101,19.328,-3.473,-12.198,-0.894,-0.316,-0.354,-10.137,74.252,-39.443,59.58,80.13,1754,0.0,0,0
DATA,34651,FLEX_STRAIGHT,0,NONE,1.031,0.257,-0.031,12.756,18.084,-11.595,-0.822,-0.351,-0.471,15.122,111.122,-47.618,59.29,87.57,1648,0.0,0,0
DATA,34726,FLEX_STRAIGHT,0,NONE,1.022,0.263,-0.038,15.626,-1.695,-17.908,-0.666,-0.325,-0.602,-12.725,98.145,-50.191,60.58,95.44,1545,0.0,0,0
DATA,34801,FLEX_STRAIGHT,0,NONE,0.993,0.347,-0.057,6.359,-6.748,-29.107,-0.563,-0.395,-0.648,11.656,89.420,-47.527,62.31,102.08,1471,0.0,0,0
DATA,34876,FLEX_STRAIGHT,0,NONE,0.999,0.292,-0.037,46.847,-96.229,-20.191,-0.485,-0.338,-0.677,-9.031,95.336,-37.496,70.81,109.80,1411,0.0,0,0
DATA,34951,FLEX_STRAIGHT,0,NONE,0.960,0.293,-0.251,62.878,-110.473,-20.214,-0.328,-0.407,-0.702,15.153,64.977,-37.519,80.79,114.92,1365,0.0,0,0
DATA,35026,FLEX_STRAIGHT,0,NONE,0.930,0.228,-0.427,60.527,-66.145,-10.626,-0.251,-0.404,-0.726,-22.160,-19.397,-17.466,87.48,115.60,1337,0.0,0,0
DATA,35101,FLEX_STRAIGHT,0,NONE,0.923,0.232,-0.511,55.527,-77.832,7.939,-0.231,-0.327,-0.793,-30.885,16.168,-9.893,94.73,118.78,1312,0.0,0,0
DATA,35176,FLEX_STRAIGHT,0,NONE,0.856,0.187,-0.597,49.977,-47.603,6.458,-0.197,-0.383,-0.778,-29.466,4.313,-10.786,99.77,121.23,1294,0.0,0,0
DATA,35251,FLEX_STRAIGHT,0,NONE,0.874,0.161,-0.563,18.634,-25.282,18.405,-0.229,-0.321,-0.753,-44.878,-6.519,-16.359,101.44,123.63,1282,0.0,0,0
DATA,35326,FLEX_STRAIGHT,0,NONE,0.785,0.197,-0.660,33.649,-8.336,0.229,-0.197,-0.368,-0.821,-37.618,-2.061,-9.702,103.54,125.93,1274,0.0,0,0
FLEX_STRAIGHT_END,1268
FLEX_BENT_START
DATA,37277,FLEX_BENT,0,NONE,0.774,0.191,-0.677,-4.779,0.565,3.740,-0.179,-0.252,-0.870,-1.305,-0.901,4.687,104.08,134.78,1722,0.0,0,0
DATA,37352,FLEX_BENT,0,NONE,0.778,0.187,-0.668,-5.031,0.885,2.405,-0.186,-0.249,-0.862,0.176,-2.137,2.710,103.16,133.89,1722,0.0,0,0
DATA,37427,FLEX_BENT,0,NONE,0.779,0.185,-0.670,-4.626,-0.038,0.137,-0.184,-0.249,-0.867,1.122,-1.527,1.229,103.86,134.58,1725,0.0,0,0
DATA,37502,FLEX_BENT,0,NONE,0.783,0.182,-0.662,-4.588,0.542,1.260,-0.189,-0.245,-0.865,0.336,-1.954,1.641,103.01,134.13,1726,0.0,0,0
DATA,37577,FLEX_BENT,0,NONE,0.787,0.182,-0.662,-3.443,1.092,1.366,-0.189,-0.243,-0.866,-0.931,-1.985,1.649,103.35,134.65,1728,0.0,0,0
DATA,37652,FLEX_BENT,0,NONE,0.778,0.186,-0.672,-2.885,1.405,3.099,-0.186,-0.252,-0.864,-2.473,-1.809,2.382,103.57,134.19,1729,0.0,0,0
DATA,37727,FLEX_BENT,0,NONE,0.780,0.189,-0.666,-4.015,0.626,3.031,-0.188,-0.253,-0.865,-1.298,-1.069,3.015,102.88,134.78,1730,0.0,0,0
DATA,37802,FLEX_BENT,0,NONE,0.783,0.188,-0.666,-5.290,0.466,2.679,-0.189,-0.255,-0.863,-0.183,-1.267,3.168,103.24,134.15,1730,0.0,0,0
DATA,37877,FLEX_BENT,0,NONE,0.790,0.184,-0.659,-4.977,0.191,1.427,-0.198,-0.251,-0.860,-0.115,-1.229,2.145,102.33,133.24,1729,0.0,0,0
DATA,37952,FLEX_BENT,0,NONE,0.792,0.183,-0.668,-3.771,0.351,2.328,-0.200,-0.247,-0.867,-0.718,-1.115,2.099,103.03,134.15,1732,0.0,0,0
DATA,38027,FLEX_BENT,0,NONE,0.786,0.186,-0.658,-3.504,1.122,1.397,-0.199,-0.250,-0.864,-1.122,-1.824,1.756,102.19,133.31,1732,0.0,0,0
DATA,38102,FLEX_BENT,0,NONE,0.794,0.186,-0.662,-2.458,1.038,2.374,-0.202,-0.251,-0.867,-2.359,-1.084,1.893,102.66,134.16,1734,0.0,0,0
DATA,38177,FLEX_BENT,0,NONE,0.769,0.186,-0.659,-3.122,1.000,-0.053,-0.187,-0.258,-0.846,-0.565,-1.931,0.466,103.24,133.89,1736,0.0,0,0
DATA,38252,FLEX_BENT,0,NONE,0.797,0.169,-0.691,-5.122,2.053,-3.214,-0.183,-0.244,-0.888,2.885,-4.511,-0.397,103.42,134.43,1734,0.0,0,0
DATA,38327,FLEX_BENT,0,NONE,0.763,0.195,-0.678,-10.702,-1.374,-1.397,-0.166,-0.272,-0.868,6.038,-0.725,3.000,103.94,134.43,1736,0.0,0,0
DATA,38402,FLEX_BENT,0,NONE,0.752,0.190,-0.698,-11.931,-10.015,7.908,-0.151,-0.271,-0.874,5.626,8.939,9.962,105.19,135.56,1736,0.0,0,0
DATA,38477,FLEX_BENT,0,NONE,0.775,0.209,-0.680,-17.710,-11.718,7.893,-0.180,-0.286,-0.865,9.985,11.511,13.168,104.87,134.85,1735,0.0,0,0
DATA,38552,FLEX_BENT,0,NONE,0.773,0.240,-0.629,-33.389,-2.618,7.084,-0.214,-0.314,-0.796,24.771,4.573,19.511,103.68,133.15,1735,0.0,0,0
DATA,38627,FLEX_BENT,0,NONE,0.775,0.208,-0.500,-55.687,36.748,14.405,-0.287,-0.271,-0.677,34.237,-15.527,25.870,99.23,129.81,1733,0.0,0,0
DATA,38702,FLEX_BENT,0,NONE,0.794,0.204,-0.526,-69.580,73.267,3.084,-0.260,-0.297,-0.695,26.954,-44.626,31.298,92.24,124.73,1727,0.0,0,0
DATA,38777,FLEX_BENT,0,NONE,0.978,0.131,-0.538,-64.458,147.550,-15.298,-0.297,-0.335,-0.844,37.351,-68.519,38.947,80.80,119.20,1725,0.0,0,0
DATA,38852,FLEX_BENT,0,NONE,1.041,0.383,-0.234,-70.511,109.550,-3.931,-0.451,-0.386,-0.740,23.000,-53.344,28.374,71.45,113.72,1726,0.0,0,0
DATA,38927,FLEX_BENT,0,NONE,0.982,0.352,-0.118,-31.053,38.153,9.244,-0.520,-0.444,-0.716,14.351,-33.160,18.122,68.61,110.10,1729,0.0,0,0
DATA,39002,FLEX_BENT,0,NONE,0.982,0.332,-0.094,-17.603,22.244,6.046,-0.547,-0.431,-0.719,1.992,-16.664,10.893,67.39,108.48,1729,0.0,0,0
DATA,39077,FLEX_BENT,0,NONE,0.981,0.333,-0.095,-5.137,7.870,5.336,-0.506,-0.417,-0.673,-3.069,0.580,2.733,67.39,109.35,1732,0.0,0,0
DATA,39152,FLEX_BENT,0,NONE,0.969,0.326,-0.076,-0.664,1.489,5.733,-0.495,-0.410,-0.649,-5.748,2.267,-0.534,67.88,109.92,1735,0.0,0,0
DATA,39227,FLEX_BENT,0,NONE,0.965,0.323,-0.068,-2.649,2.985,4.412,-0.504,-0.406,-0.635,-4.321,-1.542,0.076,68.30,109.09,1736,0.0,0,0
FLEX_BENT_END,1737
ACTION_SET,HALF_RAISED
TRIAL_START,HALF_RAISED,1
DATA,59023,TRIAL,1,HALF_RAISED,0.949,0.378,0.055,-13.038,-6.046,2.534,-0.859,-0.378,-0.169,6.870,6.985,6.214,95.23,76.03,1846,180.0,0,0
DATA,59075,TRIAL,1,HALF_RAISED,0.944,0.371,0.060,-14.115,-6.321,-0.107,-0.844,-0.371,-0.167,8.107,2.809,3.595,96.09,75.65,1846,180.0,0,0
DATA,59127,TRIAL,1,HALF_RAISED,0.940,0.362,0.059,-8.992,-5.206,-2.214,-0.851,-0.362,-0.161,4.962,-0.305,-0.977,96.54,75.02,1847,180.0,0,0
DATA,59179,TRIAL,1,HALF_RAISED,0.952,0.358,0.050,0.366,-3.840,-2.351,-0.857,-0.351,-0.176,-2.534,-3.038,-3.473,96.64,74.82,1847,180.0,0,0
DATA,59231,TRIAL,1,HALF_RAISED,0.956,0.347,0.045,-0.427,-2.443,-2.122,-0.860,-0.337,-0.182,-2.031,-4.977,-2.267,96.64,75.15,1851,180.0,0,0
DATA,59283,TRIAL,1,HALF_RAISED,0.962,0.350,0.035,-7.954,-4.374,-4.206,-0.857,-0.354,-0.190,3.527,-5.763,-0.382,96.96,75.36,1851,180.0,0,0
DATA,59335,TRIAL,1,HALF_RAISED,0.964,0.368,0.039,-11.893,-6.702,-6.061,-0.869,-0.382,-0.176,4.954,-8.298,-3.626,97.76,74.98,1854,180.0,0,0
DATA,59387,TRIAL,1,HALF_RAISED,0.950,0.393,0.041,-5.267,-7.412,-10.198,-0.868,-0.401,-0.173,2.969,-5.870,-10.244,98.68,74.32,1855,180.0,0,0
DATA,59439,TRIAL,1,HALF_RAISED,0.969,0.406,0.044,3.756,-7.588,-15.924,-0.888,-0.427,-0.154,-0.076,0.809,-19.374,99.34,73.91,1857,180.0,0,0
DATA,59491,TRIAL,1,HALF_RAISED,0.934,0.425,0.026,14.878,-4.573,-19.878,-0.871,-0.417,-0.165,-6.298,7.855,-25.244,99.93,73.87,1857,180.0,0,0
DATA,59543,TRIAL,1,HALF_RAISED,0.936,0.421,0.036,21.893,-6.786,-21.649,-0.859,-0.434,-0.183,-9.435,17.221,-29.405,99.98,74.99,1856,180.0,0,0
DATA,59595,TRIAL,1,HALF_RAISED,0.922,0.451,0.017,24.656,-4.863,-23.069,-0.842,-0.445,-0.203,-9.679,27.252,-33.840,100.26,75.86,1852,180.0,0,0
DATA,59647,TRIAL,1,HALF_RAISED,0.935,0.457,0.031,44.870,-5.931,-18.252,-0.860,-0.478,-0.198,-13.786,38.427,-37.695,99.88,77.41,1831,180.0,0,0
DATA,59699,TRIAL,1,HALF_RAISED,0.903,0.484,0.011,43.092,-15.527,-15.595,-0.796,-0.531,-0.247,-19.069,51.305,-46.718,99.72,79.37,1798,180.0,0,0
DATA,59751,TRIAL,1,HALF_RAISED,0.914,0.508,-0.094,53.702,-17.328,-26.786,-0.743,-0.570,-0.365,-23.634,61.252,-56.427,100.26,82.94,1756,180.0,0,0
DATA,59803,TRIAL,1,HALF_RAISED,0.897,0.525,-0.196,54.924,-20.137,-32.962,-0.662,-0.577,-0.422,-28.382,63.160,-63.924,101.06,87.18,1800,180.0,0,0
DATA,59855,TRIAL,1,HALF_RAISED,0.886,0.518,-0.224,56.878,-20.702,-36.473,-0.585,-0.577,-0.473,-22.939,61.718,-65.786,101.87,91.27,1796,180.0,0,0
DATA,59907,TRIAL,1,HALF_RAISED,0.842,0.534,-0.214,47.137,-18.710,-35.275,-0.537,-0.602,-0.493,-11.695,58.611,-64.672,102.88,94.98,1800,180.0,0,0
DATA,59959,TRIAL,1,HALF_RAISED,0.814,0.547,-0.244,42.290,-17.046,-35.359,-0.484,-0.585,-0.485,-14.069,55.061,-57.977,103.87,98.46,1799,180.0,0,0
DATA,60011,TRIAL,1,HALF_RAISED,0.812,0.550,-0.271,27.305,-14.206,-33.061,-0.417,-0.613,-0.516,1.779,52.542,-49.473,104.41,101.34,1797,180.0,0,0
DATA,60063,TRIAL,1,HALF_RAISED,0.781,0.553,-0.281,24.107,-13.214,-27.397,-0.373,-0.620,-0.540,-2.214,44.687,-45.366,105.09,103.95,1793,180.0,0,0
DATA,60115,TRIAL,1,HALF_RAISED,0.770,0.583,-0.340,23.588,-16.198,-27.344,-0.290,-0.642,-0.578,-1.290,41.878,-37.336,106.36,106.59,1792,180.0,0,0
DATA,60167,TRIAL,1,HALF_RAISED,0.758,0.596,-0.335,25.977,-14.939,-22.878,-0.275,-0.675,-0.591,-2.260,41.321,-38.710,106.89,108.31,1791,180.0,0,0
DATA,60219,TRIAL,1,HALF_RAISED,0.728,0.616,-0.420,24.626,-20.275,-21.847,-0.181,-0.691,-0.616,-3.740,44.672,-34.099,108.53,111.01,1786,180.0,0,0
DATA,60271,TRIAL,1,HALF_RAISED,0.706,0.602,-0.448,26.374,-20.840,-18.588,-0.101,-0.703,-0.631,-7.473,44.321,-35.443,109.83,113.93,1780,180.0,0,0
DATA,60323,TRIAL,1,HALF_RAISED,0.680,0.625,-0.489,28.374,-31.748,-19.031,-0.063,-0.720,-0.650,-8.489,52.046,-37.878,111.71,116.99,1775,180.0,0,0
DATA,60375,TRIAL,1,HALF_RAISED,0.673,0.629,-0.505,33.641,-34.214,-20.718,-0.033,-0.736,-0.661,-11.580,59.313,-47.023,113.51,120.29,1770,180.0,0,0
DATA,60427,TRIAL,1,HALF_RAISED,0.621,0.643,-0.542,43.718,-34.908,-23.137,0.025,-0.751,-0.650,-15.214,68.496,-52.191,115.76,123.93,1757,180.0,0,0
DATA,60479,TRIAL,1,HALF_RAISED,0.594,0.645,-0.652,81.824,-85.840,-26.336,0.169,-0.741,-0.670,-9.443,62.977,-76.992,120.53,127.99,1744,180.0,0,0
DATA,60531,TRIAL,1,HALF_RAISED,0.536,0.614,-0.730,88.992,-81.817,-32.038,0.231,-0.733,-0.658,-11.847,65.504,-77.557,126.73,132.67,1729,176.9,0,0
DATA,60583,TRIAL,1,HALF_RAISED,0.456,0.551,-0.784,94.855,-89.214,-38.779,0.324,-0.659,-0.615,-10.992,54.305,-69.656,131.13,137.15,1711,170.0,0,0
DATA,60635,TRIAL,1,HALF_RAISED,0.378,0.499,-0.875,80.855,-91.015,-39.443,0.419,-0.627,-0.627,1.344,56.679,-67.473,135.66,141.34,1696,164.3,0,0
DATA,60687,TRIAL,1,HALF_RAISED,0.301,0.443,-0.873,74.863,-90.527,-35.550,0.395,-0.598,-0.584,-4.290,55.779,-61.763,139.96,144.72,1683,159.3,0,0
DATA,60739,TRIAL,1,HALF_RAISED,0.266,0.373,-0.863,68.656,-92.969,-44.420,0.469,-0.527,-0.555,13.786,49.122,-46.137,144.78,147.68,1667,153.1,0,0
DATA,60791,TRIAL,1,HALF_RAISED,0.019,0.295,-0.903,52.137,-94.695,-35.351,0.555,-0.568,-0.486,-7.687,50.214,-54.359,150.25,150.87,1644,144.3,0,0
DATA,60843,TRIAL,1,HALF_RAISED,0.026,0.258,-0.905,60.290,-78.206,-33.183,0.608,-0.523,-0.471,-5.450,43.321,-44.473,154.32,153.40,1628,138.2,0,0
DATA,60895,TRIAL,1,HALF_RAISED,-0.091,0.273,-0.998,47.305,-61.664,-36.901,0.601,-0.526,-0.500,-0.412,40.832,-48.847,157.60,156.06,1612,132.0,0,0
DATA,60947,TRIAL,1,HALF_RAISED,-0.098,0.278,-0.958,40.603,-57.504,-18.229,0.624,-0.445,-0.436,1.168,34.794,-41.427,160.55,158.62,1594,125.1,0,0
DATA,60999,TRIAL,1,HALF_RAISED,-0.179,0.197,-0.974,24.611,-44.038,-32.069,0.769,-0.449,-0.380,10.366,31.664,-34.160,163.73,160.71,1584,121.3,0,0
DATA,61051,TRIAL,1,HALF_RAISED,-0.203,0.144,-0.944,15.550,-46.168,-26.527,0.779,-0.427,-0.371,11.840,21.160,-31.000,166.71,162.48,1578,119.0,0,0
DATA,61103,TRIAL,1,HALF_RAISED,-0.286,0.090,-0.979,3.794,-32.626,-25.084,0.824,-0.365,-0.377,3.878,14.893,-35.122,169.04,164.01,1569,115.5,0,0
DATA,61155,TRIAL,1,HALF_RAISED,-0.286,0.101,-0.962,-0.198,-29.733,-20.710,0.810,-0.360,-0.353,11.374,12.977,-17.420,170.24,165.21,1568,115.1,0,0
DATA,61207,TRIAL,1,HALF_RAISED,-0.313,0.089,-0.931,-7.313,-20.748,-13.351,0.805,-0.360,-0.342,16.198,8.115,-14.489,171.32,165.97,1560,112.1,0,0
DATA,61259,TRIAL,1,HALF_RAISED,-0.337,0.083,-0.948,-2.771,-17.313,-7.084,0.605,-0.448,-0.533,8.061,20.191,-7.481,172.28,166.62,1557,110.9,0,0
DATA,61311,TRIAL,1,HALF_RAISED,-0.344,0.090,-0.917,-1.015,-7.298,-10.053,0.817,-0.356,-0.313,2.916,-0.672,-6.802,172.74,167.12,1551,108.6,0,0
DATA,61363,TRIAL,1,HALF_RAISED,-0.365,0.116,-0.929,-1.794,-1.649,-3.611,0.839,-0.370,-0.317,-1.443,-0.153,-3.450,173.34,167.08,1542,105.2,0,0
DATA,61415,TRIAL,1,HALF_RAISED,-0.381,0.098,-0.958,-6.145,-0.382,-0.626,0.872,-0.381,-0.333,0.702,-4.313,2.405,173.96,166.97,1535,102.5,0,0
DATA,61467,TRIAL,1,HALF_RAISED,-0.378,0.127,-0.967,-10.397,2.344,3.954,0.873,-0.401,-0.349,1.725,-5.237,9.069,173.71,165.99,1535,102.5,0,0
DATA,61519,TRIAL,1,HALF_RAISED,-0.360,0.134,-0.962,-12.763,5.130,7.794,0.847,-0.413,-0.353,2.710,-5.366,11.397,172.81,165.02,1542,105.2,0,0
DATA,61571,TRIAL,1,HALF_RAISED,-0.342,0.155,-0.958,-13.000,4.763,8.427,0.826,-0.433,-0.361,2.229,-4.382,12.748,172.09,163.79,1556,110.5,0,0
DATA,61623,TRIAL,1,HALF_RAISED,-0.340,0.171,-0.940,-10.947,2.206,6.359,0.811,-0.438,-0.357,2.252,-1.634,9.588,171.79,162.70,1556,110.5,0,0
DATA,61675,TRIAL,1,HALF_RAISED,-0.323,0.177,-0.942,-7.954,0.031,7.237,0.798,-0.445,-0.353,-0.908,0.122,8.763,171.21,162.14,1562,112.8,0,0
DATA,61727,TRIAL,1,HALF_RAISED,-0.337,0.178,-0.954,-8.122,1.313,6.649,0.809,-0.450,-0.353,-0.458,-0.954,8.725,171.27,162.15,1560,112.1,0,0
DATA,61779,TRIAL,1,HALF_RAISED,-0.338,0.178,-0.942,-7.832,1.252,5.565,0.810,-0.449,-0.352,-0.863,-1.351,8.580,171.54,162.11,1563,113.2,0,0
DATA,61831,TRIAL,1,HALF_RAISED,-0.330,0.163,-0.962,-6.305,3.092,5.305,0.818,-0.438,-0.366,-1.771,-2.809,6.748,171.21,162.28,1564,113.6,0,0
DATA,61883,TRIAL,1,HALF_RAISED,-0.334,0.190,-0.960,-1.351,2.908,6.710,0.813,-0.462,-0.360,-5.634,-1.260,4.099,171.19,162.42,1564,113.6,0,0
DATA,61935,TRIAL,1,HALF_RAISED,-0.347,0.214,-0.947,0.061,-0.290,6.115,0.814,-0.483,-0.346,-5.359,1.809,2.290,171.44,162.17,1565,114.0,0,0
DATA,61987,TRIAL,1,HALF_RAISED,-0.343,0.219,-0.965,-4.145,-3.099,5.290,0.820,-0.487,-0.352,-1.702,3.328,4.573,171.56,161.75,1564,113.6,0,0
DATA,62039,TRIAL,1,HALF_RAISED,-0.346,0.191,-0.963,-9.794,-3.237,4.305,0.828,-0.459,-0.351,3.031,2.794,7.908,171.93,161.88,1564,113.6,0,0
DATA,62091,TRIAL,1,HALF_RAISED,-0.323,0.169,-0.947,-10.588,-2.962,5.435,0.803,-0.437,-0.358,3.489,2.733,8.290,171.91,162.05,1566,114.4,0,0
DATA,62143,TRIAL,1,HALF_RAISED,-0.320,0.158,-0.926,-5.359,-0.519,5.931,0.792,-0.421,-0.348,-1.427,1.397,5.214,171.76,162.41,1568,115.1,0,0
DATA,62195,TRIAL,1,HALF_RAISED,-0.306,0.182,-0.927,0.878,0.809,8.183,0.775,-0.442,-0.351,-7.962,1.275,4.099,171.29,162.53,1571,116.3,0,0
DATA,62247,TRIAL,1,HALF_RAISED,-0.310,0.202,-0.948,1.366,2.176,10.672,0.792,-0.467,-0.365,-9.832,0.595,5.275,170.58,162.30,1571,116.3,0,0
DATA,62299,TRIAL,1,HALF_RAISED,-0.319,0.215,-0.952,-0.794,4.664,10.863,0.796,-0.489,-0.359,-8.489,-1.221,7.679,170.18,161.80,1571,116.3,0,0
DATA,62351,TRIAL,1,HALF_RAISED,-0.326,0.231,-0.966,-4.473,3.031,10.107,0.804,-0.498,-0.361,-5.069,-0.076,8.878,170.39,161.41,1572,116.7,0,0
DATA,62403,TRIAL,1,HALF_RAISED,-0.330,0.235,-0.963,-5.046,1.802,6.107,0.804,-0.509,-0.352,-2.275,0.061,6.405,170.83,161.11,1571,116.3,0,0
TRIAL_END,HALF_RAISED,1
TRIAL_ACCEPT,HALF_RAISED,1
ACTION_SET,HALF_RAISED
TRIAL_START,HALF_RAISED,2
DATA,79498,TRIAL,2,HALF_RAISED,0.978,0.314,-0.052,-4.351,-0.924,1.908,-0.852,-0.317,-0.236,-0.397,0.176,2.145,120.60,84.64,1900,180.0,0,0
DATA,79550,TRIAL,2,HALF_RAISED,0.968,0.310,-0.040,-4.450,-1.099,1.634,-0.850,-0.318,-0.226,0.321,0.580,1.527,120.59,84.70,1899,180.0,0,0
DATA,79602,TRIAL,2,HALF_RAISED,0.967,0.314,-0.042,-0.176,-0.046,1.687,-0.855,-0.310,-0.225,-2.580,0.664,-0.076,120.77,84.33,1899,180.0,0,0
DATA,79654,TRIAL,2,HALF_RAISED,0.985,0.308,-0.055,4.565,0.672,1.985,-0.860,-0.318,-0.248,-7.168,-1.115,-0.656,120.58,84.53,1901,180.0,0,0
DATA,79706,TRIAL,2,HALF_RAISED,0.987,0.295,-0.059,-0.031,-0.824,1.092,-0.852,-0.303,-0.254,-3.740,-2.649,0.183,120.32,85.13,1901,180.0,0,0
DATA,79758,TRIAL,2,HALF_RAISED,0.981,0.339,-0.062,-0.351,-1.496,-2.779,-0.862,-0.388,-0.225,-3.046,-8.328,-3.214,120.53,84.69,1902,180.0,0,0
DATA,79810,TRIAL,2,HALF_RAISED,0.951,0.400,-0.024,3.626,4.321,-11.450,-0.892,-0.481,-0.180,-6.290,-0.954,-20.679,120.98,84.10,1902,180.0,0,0
DATA,79862,TRIAL,2,HALF_RAISED,0.987,0.479,0.062,52.008,5.405,-28.214,-0.961,-0.578,-0.222,-32.405,28.634,-62.580,120.42,84.80,1897,180.0,0,0
DATA,79914,TRIAL,2,HALF_RAISED,1.026,0.559,-0.143,115.832,-27.595,-40.634,-0.878,-0.676,-0.395,-80.000,65.473,-105.641,119.22,88.25,1859,180.0,0,0
DATA,79966,TRIAL,2,HALF_RAISED,1.022,0.477,-0.260,162.229,-55.313,-52.191,-0.829,-0.557,-0.517,-107.084,83.481,-127.137,117.62,94.59,1808,180.0,0,0
DATA,80018,TRIAL,2,HALF_RAISED,0.932,0.417,-0.262,121.534,-60.405,-66.206,-0.702,-0.529,-0.458,-65.244,102.672,-117.679,117.04,100.79,1812,180.0,0,0
DATA,80070,TRIAL,2,HALF_RAISED,0.853,0.380,-0.320,76.458,-61.206,-61.023,-0.615,-0.475,-0.622,-30.389,114.466,-112.061,117.86,105.54,1797,180.0,0,0
DATA,80122,TRIAL,2,HALF_RAISED,0.850,0.484,-0.498,43.344,-54.252,-66.275,-0.401,-0.600,-0.705,3.023,137.252,-113.053,120.21,110.04,1785,180.0,0,0
DATA,80174,TRIAL,2,HALF_RAISED,0.817,0.495,-0.628,48.183,-61.321,-69.382,-0.245,-0.586,-0.792,1.664,132.901,-98.969,123.23,114.95,1743,180.0,0,0
DATA,80226,TRIAL,2,HALF_RAISED,0.766,0.478,-0.665,57.672,-76.748,-70.137,-0.093,-0.566,-0.807,-2.634,129.962,-87.122,126.20,120.07,1706,168.1,0,0
DATA,80278,TRIAL,2,HALF_RAISED,0.689,0.410,-0.716,48.328,-89.008,-55.275,0.063,-0.505,-0.779,1.366,136.809,-80.565,129.66,125.29,1670,154.3,0,0
DATA,80330,TRIAL,2,HALF_RAISED,0.612,0.449,-0.736,44.168,-85.649,-50.168,0.146,-0.523,-0.736,2.420,134.870,-69.695,133.31,130.35,1636,141.2,0,0
DATA,80382,TRIAL,2,HALF_RAISED,0.557,0.420,-0.751,85.137,-153.809,-53.160,0.316,-0.500,-0.662,0.229,111.779,-72.153,137.38,135.71,1587,122.4,0,0
DATA,80434,TRIAL,2,HALF_RAISED,0.390,0.352,-0.923,82.641,-132.855,-46.374,0.422,-0.485,-0.636,-10.840,108.824,-63.061,142.77,141.07,1708,168.9,0,0
DATA,80486,TRIAL,2,HALF_RAISED,0.237,0.372,-0.922,69.176,-114.611,-11.397,0.517,-0.503,-0.578,-10.740,95.328,-58.092,148.95,145.56,1658,149.7,0,0
DATA,80538,TRIAL,2,HALF_RAISED,0.200,0.316,-0.899,55.023,-119.565,-19.214,0.630,-0.525,-0.477,-1.466,93.092,-42.542,154.20,149.08,1629,138.6,0,0
DATA,80590,TRIAL,2,HALF_RAISED,0.018,0.314,-0.896,45.473,-107.183,-17.130,0.668,-0.496,-0.421,-0.511,79.885,-40.832,159.46,152.11,1607,130.1,0,0
DATA,80642,TRIAL,2,HALF_RAISED,-0.038,0.278,-0.941,28.542,-100.893,-17.733,0.729,-0.488,-0.378,10.588,69.328,-32.901,164.06,154.50,1586,122.0,0,0
DATA,80694,TRIAL,2,HALF_RAISED,-0.127,0.248,-0.979,13.198,-82.076,-20.573,0.746,-0.446,-0.378,25.366,61.229,-33.542,167.60,156.40,1569,115.5,0,0
DATA,80746,TRIAL,2,HALF_RAISED,-0.172,0.267,-0.920,23.046,-76.557,-23.504,0.724,-0.448,-0.286,13.710,60.313,-30.595,171.57,158.28,1547,107.1,0,0
DATA,80798,TRIAL,2,HALF_RAISED,-0.201,0.246,-0.876,15.038,-82.496,-21.252,0.798,-0.401,-0.176,19.641,62.344,-40.366,174.94,160.74,1527,99.4,0,0
DATA,80850,TRIAL,2,HALF_RAISED,-0.348,0.228,-0.894,4.229,-63.924,-17.481,0.902,-0.348,-0.267,38.931,45.122,-34.931,178.66,163.25,1506,91.3,0,0
DATA,80902,TRIAL,2,HALF_RAISED,-0.417,0.258,-0.843,26.443,-71.405,-22.260,0.913,-0.370,-0.098,11.260,45.427,-50.924,176.99,165.28,1489,84.8,0,0
DATA,80954,TRIAL,2,HALF_RAISED,-0.461,0.172,-0.835,27.618,-56.809,-27.885,0.915,-0.304,-0.073,2.916,41.565,-38.588,173.95,167.56,1476,79.8,0,0
DATA,81006,TRIAL,2,HALF_RAISED,-0.521,0.104,-0.811,20.931,-46.962,-21.183,0.864,-0.276,-0.111,8.084,36.634,-35.305,172.09,169.74,1467,76.4,0,0
DATA,81058,TRIAL,2,HALF_RAISED,-0.566,0.120,-0.815,12.695,-44.626,-14.992,0.944,-0.249,-0.055,10.802,30.733,-27.847,169.97,171.74,1456,72.2,0,0
DATA,81110,TRIAL,2,HALF_RAISED,-0.572,0.068,-0.794,7.550,-30.191,-9.366,0.970,-0.206,0.000,4.267,21.053,-15.832,168.35,173.23,1454,71.4,0,0
DATA,81162,TRIAL,2,HALF_RAISED,-0.607,0.085,-0.756,-2.336,-11.252,-4.634,0.970,-0.219,0.017,3.511,8.924,-6.496,167.35,174.04,1455,71.8,0,0
DATA,81214,TRIAL,2,HALF_RAISED,-0.594,0.089,-0.744,-5.962,-2.237,-1.237,0.955,-0.233,0.032,4.076,2.786,0.168,166.85,174.26,1457,72.5,0,0
DATA,81266,TRIAL,2,HALF_RAISED,-0.607,0.101,-0.745,-8.672,7.939,-1.695,0.962,-0.236,0.039,5.321,-6.191,0.885,166.71,173.90,1458,72.9,0,0
DATA,81318,TRIAL,2,HALF_RAISED,-0.608,0.095,-0.779,-8.092,12.924,-1.168,0.978,-0.237,0.016,2.328,-9.756,2.435,167.66,173.80,1462,74.5,0,0
DATA,81370,TRIAL,2,HALF_RAISED,-0.606,0.092,-0.788,-7.084,10.519,0.924,0.988,-0.223,0.006,1.321,-8.832,2.038,167.99,173.67,1464,75.2,0,0
DATA,81422,TRIAL,2,HALF_RAISED,-0.606,0.097,-0.808,-6.336,10.206,-0.374,1.004,-0.237,-0.011,0.977,-8.053,2.351,168.68,173.42,1465,75.6,0,0
DATA,81474,TRIAL,2,HALF_RAISED,-0.595,0.091,-0.800,-4.931,7.573,1.412,0.994,-0.237,-0.010,-0.863,-6.763,2.290,169.13,173.51,1468,76.8,0,0
DATA,81526,TRIAL,2,HALF_RAISED,-0.593,0.078,-0.823,-2.939,6.137,1.527,1.013,-0.220,-0.026,-2.641,-5.542,1.229,169.84,173.76,1467,76.4,0,0
DATA,81578,TRIAL,2,HALF_RAISED,-0.588,0.084,-0.816,2.244,3.420,3.420,1.002,-0.227,-0.022,-7.107,-3.603,0.573,169.95,174.04,1469,77.1,0,0
DATA,81630,TRIAL,2,HALF_RAISED,-0.581,0.124,-0.797,2.580,1.908,6.344,0.970,-0.255,-0.004,-8.092,-1.313,0.885,169.83,173.79,1471,77.9,0,0
DATA,81682,TRIAL,2,HALF_RAISED,-0.584,0.140,-0.778,-1.534,2.069,3.855,0.964,-0.278,0.009,-3.519,-4.183,3.527,169.60,173.40,1472,78.3,0,0
DATA,81734,TRIAL,2,HALF_RAISED,-0.588,0.128,-0.804,-9.252,3.573,2.061,0.985,-0.265,-0.000,2.183,-5.351,8.672,169.32,172.71,1472,78.3,0,0
DATA,81786,TRIAL,2,HALF_RAISED,-0.583,0.085,-0.821,-13.985,8.687,0.397,0.994,-0.227,-0.022,6.504,-9.817,8.595,169.69,172.58,1472,78.3,0,0
DATA,81838,TRIAL,2,HALF_RAISED,-0.565,0.082,-0.830,-10.153,13.023,-1.282,0.989,-0.225,-0.039,3.519,-12.954,7.359,170.49,172.43,1474,79.1,0,0
DATA,81890,TRIAL,2,HALF_RAISED,-0.538,0.081,-0.855,-4.176,18.046,2.130,0.987,-0.228,-0.076,-4.008,-15.282,4.718,171.65,172.36,1478,80.6,0,0
DATA,81942,TRIAL,2,HALF_RAISED,-0.536,0.095,-0.870,-2.405,19.809,4.519,0.994,-0.247,-0.090,-6.939,-14.969,3.725,173.10,172.21,1483,82.5,0,0
DATA,81994,TRIAL,2,HALF_RAISED,-0.525,0.123,-0.885,-0.282,15.634,6.756,0.993,-0.269,-0.108,-9.702,-11.733,5.229,174.35,171.69,1487,84.1,0,0
DATA,82046,TRIAL,2,HALF_RAISED,-0.512,0.141,-0.895,-1.687,10.977,9.031,0.995,-0.296,-0.119,-9.458,-7.443,7.679,175.15,170.96,1487,84.1,0,0
DATA,82098,TRIAL,2,HALF_RAISED,-0.513,0.164,-0.899,-3.626,6.817,8.260,0.988,-0.323,-0.120,-6.817,-4.901,7.863,175.30,170.18,1488,84.4,0,0
DATA,82150,TRIAL,2,HALF_RAISED,-0.505,0.178,-0.891,-6.084,2.511,4.542,0.987,-0.338,-0.113,-2.008,-1.626,7.313,175.14,169.48,1488,84.4,0,0
DATA,82202,TRIAL,2,HALF_RAISED,-0.502,0.165,-0.879,-5.031,-0.473,1.061,0.973,-0.321,-0.108,0.137,-0.481,3.145,174.79,169.00,1488,84.4,0,0
DATA,82254,TRIAL,2,HALF_RAISED,-0.496,0.160,-0.882,-4.473,-1.153,-0.427,0.961,-0.313,-0.112,1.229,-0.702,0.771,175.07,169.29,1491,85.6,0,0
DATA,82306,TRIAL,2,HALF_RAISED,-0.500,0.146,-0.877,-5.466,-1.908,-2.733,0.968,-0.300,-0.108,3.260,-0.198,1.122,175.01,169.54,1490,85.2,0,0
DATA,82358,TRIAL,2,HALF_RAISED,-0.495,0.136,-0.872,-6.695,-0.023,-3.061,0.965,-0.289,-0.111,4.221,-1.885,1.290,175.21,169.93,1490,85.2,0,0
DATA,82410,TRIAL,2,HALF_RAISED,-0.498,0.138,-0.867,-6.458,0.969,-1.519,0.964,-0.293,-0.108,2.733,-1.634,2.725,175.13,170.13,1492,86.0,0,0
TRIAL_END,HALF_RAISED,2
TRIAL_ACCEPT,HALF_RAISED,2
ACTION_SET,HALF_RAISED
TRIAL_START,HALF_RAISED,3
DATA,93633,TRIAL,3,HALF_RAISED,0.998,0.271,-0.008,-13.534,-7.649,-0.053,-0.880,-0.281,-0.212,7.786,3.298,3.481,135.44,89.84,1862,180.0,0,0
DATA,93685,TRIAL,3,HALF_RAISED,0.948,0.272,0.010,-7.725,-7.412,0.397,-0.844,-0.291,-0.171,5.221,5.321,1.351,136.15,89.28,1862,180.0,0,0
DATA,93737,TRIAL,3,HALF_RAISED,0.968,0.265,-0.002,3.481,-10.153,-0.672,-0.855,-0.279,-0.202,-2.244,4.206,-2.748,136.38,88.94,1863,180.0,0,0
DATA,93789,TRIAL,3,HALF_RAISED,1.010,0.255,-0.015,6.237,-7.405,0.786,-0.894,-0.289,-0.193,-3.603,0.893,-7.282,135.98,88.87,1862,180.0,0,0
DATA,93841,TRIAL,3,HALF_RAISED,1.005,0.301,0.006,0.885,-7.298,-2.718,-0.900,-0.315,-0.198,-1.473,3.802,-6.832,136.31,88.47,1864,180.0,0,0
DATA,93893,TRIAL,3,HALF_RAISED,1.053,0.319,-0.013,4.656,-17.977,-6.580,-0.937,-0.376,-0.243,-2.260,21.908,-10.931,136.66,88.74,1863,180.0,0,0
DATA,93945,TRIAL,3,HALF_RAISED,1.065,0.329,-0.079,15.534,-30.252,-9.603,-0.887,-0.341,-0.306,-8.389,23.565,-13.473,137.04,89.57,1864,180.0,0,0
DATA,93997,TRIAL,3,HALF_RAISED,1.001,0.288,-0.155,5.710,-27.519,-11.901,-0.798,-0.335,-0.304,3.107,16.076,-8.794,137.73,90.58,1865,180.0,0,0
DATA,94049,TRIAL,3,HALF_RAISED,0.967,0.262,-0.134,-11.374,-28.382,-17.405,-0.827,-0.298,-0.270,17.779,4.305,-4.519,138.99,90.74,1868,180.0,0,0
DATA,94101,TRIAL,3,HALF_RAISED,0.974,0.358,-0.060,-39.916,-22.099,-24.641,-0.885,-0.418,-0.188,37.985,11.847,-7.046,140.97,89.17,1872,180.0,0,0
DATA,94153,TRIAL,3,HALF_RAISED,0.957,0.430,0.002,-3.771,-19.802,-29.397,-0.938,-0.443,-0.220,14.000,33.458,-25.084,143.16,88.05,1874,180.0,0,0
DATA,94205,TRIAL,3,HALF_RAISED,0.886,0.593,-0.047,24.351,-36.496,-48.489,-0.877,-0.705,-0.267,3.000,86.954,-56.466,144.49,88.89,1867,180.0,0,0
DATA,94257,TRIAL,3,HALF_RAISED,1.005,0.562,-0.289,78.267,-65.718,-61.557,-0.829,-0.604,-0.538,-31.504,113.336,-86.481,146.00,92.61,1837,180.0,0,0
DATA,94309,TRIAL,3,HALF_RAISED,0.930,0.528,-0.541,81.038,-75.672,-70.786,-0.624,-0.682,-0.705,-31.389,118.664,-101.267,146.52,97.75,1832,180.0,0,0
DATA,94361,TRIAL,3,HALF_RAISED,0.935,0.506,-0.598,35.924,-93.710,-92.779,-0.542,-0.517,-0.797,21.542,129.328,-87.092,149.11,102.56,1831,180.0,0,0
DATA,94413,TRIAL,3,HALF_RAISED,0.816,0.484,-0.542,-2.397,-89.985,-80.534,-0.455,-0.581,-0.666,65.374,123.771,-84.924,153.07,105.36,1822,180.0,0,0
DATA,94465,TRIAL,3,HALF_RAISED,0.721,0.653,-0.547,-20.496,-94.099,-78.183,-0.321,-0.730,-0.667,74.634,122.519,-90.229,157.61,107.65,1808,180.0,0,0
DATA,94517,TRIAL,3,HALF_RAISED,0.623,0.639,-0.649,-3.290,-81.176,-92.046,-0.187,-0.725,-0.636,67.389,120.382,-89.725,162.87,110.19,1787,180.0,0,0
DATA,94569,TRIAL,3,HALF_RAISED,0.574,0.699,-0.635,33.542,-78.550,-93.740,-0.056,-0.757,-0.631,41.344,117.763,-102.634,165.60,114.44,1771,180.0,0,0
DATA,94621,TRIAL,3,HALF_RAISED,0.449,0.615,-0.692,50.702,-80.305,-86.389,0.116,-0.800,-0.491,37.046,100.252,-102.809,167.95,118.69,1746,180.0,0,0
DATA,94673,TRIAL,3,HALF_RAISED,0.343,0.652,-0.696,49.038,-80.954,-81.198,0.220,-0.697,-0.485,31.107,84.870,-105.748,170.05,123.21,1720,173.5,0,0
DATA,94725,TRIAL,3,HALF_RAISED,0.186,0.492,-0.856,58.763,-69.458,-62.824,0.352,-0.780,-0.442,33.237,76.046,-113.901,171.87,127.89,1685,160.0,0,0
DATA,94777,TRIAL,3,HALF_RAISED,0.162,0.552,-0.751,53.611,-84.412,-58.878,0.444,-0.746,-0.283,-0.321,78.351,-123.237,173.70,131.86,1659,150.1,0,0
DATA,94829,TRIAL,3,HALF_RAISED,0.040,0.532,-0.778,84.137,-69.008,-53.061,0.520,-0.614,-0.362,3.962,83.748,-116.244,175.09,137.91,1624,136.6,0,0
DATA,94881,TRIAL,3,HALF_RAISED,-0.039,0.476,-0.807,87.405,-65.809,-47.107,0.606,-0.580,-0.234,-26.260,77.267,-105.870,176.11,144.00,1599,127.0,0,0
DATA,94933,TRIAL,3,HALF_RAISED,-0.121,0.367,-0.788,71.595,-58.687,-35.466,0.638,-0.498,-0.181,-17.450,75.603,-104.122,176.36,150.00,1574,117.4,0,0
DATA,94985,TRIAL,3,HALF_RAISED,-0.169,0.372,-0.857,58.084,-53.267,-41.267,0.789,-0.426,-0.083,-10.992,64.015,-93.908,177.61,155.43,1535,102.5,0,0
DATA,95037,TRIAL,3,HALF_RAISED,-0.256,0.274,-0.843,91.382,-104.496,-45.947,0.807,-0.363,-0.109,-7.053,68.031,-94.939,179.89,160.47,1518,95.9,0,0
DATA,95089,TRIAL,3,HALF_RAISED,-0.280,-0.001,-0.723,20.901,-152.481,71.855,0.882,-0.370,-0.097,-15.420,96.122,-75.496,177.27,165.24,1494,86.7,0,0
DATA,95141,TRIAL,3,HALF_RAISED,-0.423,0.139,-1.101,28.244,-99.145,-18.122,0.909,-0.252,-0.040,0.664,53.511,-61.366,175.31,168.58,1483,82.5,0,0
DATA,95193,TRIAL,3,HALF_RAISED,-0.453,0.139,-0.816,28.023,-52.702,-18.756,0.934,-0.222,0.038,0.473,26.092,-43.519,173.20,171.45,1476,79.8,0,0
DATA,95245,TRIAL,3,HALF_RAISED,-0.484,0.086,-0.765,25.908,-35.221,-14.374,0.934,-0.122,0.087,4.527,14.260,-27.595,171.41,173.30,1469,77.1,0,0
DATA,95297,TRIAL,3,HALF_RAISED,-0.545,0.105,-0.832,7.183,-30.267,-3.176,0.978,-0.187,0.054,7.267,2.481,-10.527,169.38,173.65,1463,74.8,0,0
DATA,95349,TRIAL,3,HALF_RAISED,-0.598,0.052,-0.758,9.260,-21.679,-12.000,0.990,-0.130,0.097,8.290,-8.313,0.229,168.24,173.68,1457,72.5,0,0
DATA,95401,TRIAL,3,HALF_RAISED,-0.595,0.013,-0.789,1.191,-10.527,-10.885,1.021,-0.102,0.061,7.397,-9.305,1.679,168.12,173.95,1453,71.0,0,0
DATA,95453,TRIAL,3,HALF_RAISED,-0.619,0.003,-0.826,-4.168,2.389,-4.924,1.043,-0.107,0.031,5.855,-13.359,0.687,168.56,174.10,1455,71.8,0,0
DATA,95505,TRIAL,3,HALF_RAISED,-0.615,0.039,-0.833,-3.130,8.435,-7.084,1.045,-0.151,0.017,4.344,-14.115,0.656,169.43,174.29,1455,71.8,0,0
DATA,95557,TRIAL,3,HALF_RAISED,-0.602,0.043,-0.836,-7.435,7.542,-5.656,1.041,-0.154,0.001,5.656,-8.580,4.176,170.05,174.47,1456,72.2,0,0
DATA,95609,TRIAL,3,HALF_RAISED,-0.593,0.053,-0.820,-14.916,7.687,-4.298,1.021,-0.161,0.010,10.115,-7.275,5.794,170.25,173.80,1461,74.1,0,0
DATA,95661,TRIAL,3,HALF_RAISED,-0.598,0.060,-0.837,-16.870,7.359,-5.794,1.027,-0.179,0.007,12.588,-6.931,8.840,170.16,172.98,1464,75.2,0,0
DATA,95713,TRIAL,3,HALF_RAISED,-0.580,0.060,-0.829,-20.122,5.939,-5.481,1.024,-0.170,-0.011,14.595,-5.595,8.992,169.96,172.38,1467,76.4,0,0
DATA,95765,TRIAL,3,HALF_RAISED,-0.580,0.078,-0.836,-21.458,7.511,-3.672,1.019,-0.190,0.002,14.901,-6.870,11.565,170.28,171.58,1468,76.8,0,0
DATA,95817,TRIAL,3,HALF_RAISED,-0.559,0.076,-0.838,-20.672,5.069,-2.298,1.000,-0.183,-0.015,12.947,-4.656,12.771,170.22,170.70,1470,77.5,0,0
DATA,95869,TRIAL,3,HALF_RAISED,-0.547,0.082,-0.843,-17.916,7.641,0.725,1.001,-0.195,-0.024,8.229,-6.298,11.611,170.78,170.01,1474,79.1,0,0
DATA,95921,TRIAL,3,HALF_RAISED,-0.543,0.097,-0.839,-11.916,8.237,3.588,0.992,-0.213,-0.022,2.603,-6.366,8.008,171.30,169.11,1477,80.2,0,0
DATA,95973,TRIAL,3,HALF_RAISED,-0.523,0.127,-0.850,-4.359,9.855,4.000,0.985,-0.237,-0.037,-4.344,-6.771,5.435,171.86,168.35,1482,82.1,0,0
DATA,96025,TRIAL,3,HALF_RAISED,-0.533,0.163,-0.853,-2.252,11.046,6.412,0.991,-0.271,-0.031,-7.099,-7.023,5.115,172.00,167.69,1484,82.9,0,0
DATA,96077,TRIAL,3,HALF_RAISED,-0.523,0.193,-0.857,-2.366,9.260,9.809,0.987,-0.301,-0.029,-10.099,-4.855,9.244,172.06,167.04,1487,84.1,0,0
DATA,96129,TRIAL,3,HALF_RAISED,-0.536,0.161,-0.870,-10.061,4.824,7.389,1.006,-0.280,-0.042,-1.481,-1.412,11.130,171.63,166.40,1488,84.4,0,0
DATA,96181,TRIAL,3,HALF_RAISED,-0.506,0.123,-0.875,-9.450,4.092,4.939,0.991,-0.246,-0.060,-0.321,-3.031,10.031,171.89,166.50,1489,84.8,0,0
DATA,96233,TRIAL,3,HALF_RAISED,-0.486,0.102,-0.884,-4.588,8.702,6.038,0.993,-0.226,-0.077,-6.649,-3.878,6.802,172.56,166.61,1493,86.4,0,0
DATA,96285,TRIAL,3,HALF_RAISED,-0.464,0.131,-0.888,1.130,13.733,10.618,0.978,-0.247,-0.087,-14.580,-5.786,4.099,173.60,167.14,1497,87.9,0,0
DATA,96337,TRIAL,3,HALF_RAISED,-0.477,0.180,-0.878,0.397,14.733,12.573,0.976,-0.290,-0.071,-14.855,-7.168,7.191,174.28,166.81,1499,88.7,0,0
DATA,96389,TRIAL,3,HALF_RAISED,-0.454,0.199,-0.889,-7.015,9.947,12.053,0.970,-0.322,-0.081,-8.237,-1.405,11.611,174.24,166.10,1503,90.2,0,0
DATA,96441,TRIAL,3,HALF_RAISED,-0.477,0.215,-0.876,-13.603,9.863,7.221,0.968,-0.328,-0.050,-0.802,-3.809,13.557,173.83,165.28,1505,91.0,0,0
TRIAL_END,HALF_RAISED,3
TRIAL_ACCEPT,HALF_RAISED,3
ACTION_SET,PICKING
TRIAL_START,PICKING,4
DATA,109273,TRIAL,4,PICKING,-0.419,0.193,-0.904,-2.588,-1.145,0.412,0.911,-0.399,-0.182,-1.000,0.527,0.664,175.78,152.80,1565,114.0,0,0
DATA,109325,TRIAL,4,PICKING,-0.421,0.200,-0.898,-0.496,0.527,0.359,0.899,-0.408,-0.172,-2.412,-1.000,-1.221,175.80,152.47,1566,114.4,0,0
DATA,109377,TRIAL,4,PICKING,-0.419,0.197,-0.902,-0.374,-0.046,-1.595,0.905,-0.406,-0.177,-1.580,-1.336,-1.863,175.52,152.42,1567,114.8,0,0
DATA,109429,TRIAL,4,PICKING,-0.415,0.188,-0.916,-1.313,0.511,-2.427,0.904,-0.393,-0.186,-0.626,-2.168,-1.344,176.13,152.88,1568,115.1,0,0
DATA,109481,TRIAL,4,PICKING,-0.412,0.177,-0.917,-1.389,2.969,-0.183,0.909,-0.386,-0.193,-2.450,-3.534,0.038,176.73,153.45,1568,115.1,0,0
DATA,109533,TRIAL,4,PICKING,-0.418,0.186,-0.920,-1.802,3.038,1.603,0.915,-0.399,-0.197,-3.313,-2.557,1.740,176.41,153.16,1568,115.1,0,0
DATA,109585,TRIAL,4,PICKING,-0.427,0.194,-0.924,-2.282,0.611,1.092,0.928,-0.407,-0.195,-2.000,-0.893,1.122,175.94,153.06,1567,114.8,0,0
DATA,109637,TRIAL,4,PICKING,-0.422,0.182,-0.940,-1.420,-2.771,0.466,0.931,-0.400,-0.208,-1.595,1.786,-0.427,176.36,153.41,1567,114.8,0,0
DATA,109689,TRIAL,4,PICKING,-0.432,0.189,-0.954,-0.878,-4.359,1.137,0.950,-0.402,-0.208,-2.565,4.542,-1.466,176.55,153.75,1563,113.2,0,0
DATA,109741,TRIAL,4,PICKING,-0.442,0.169,-0.991,-4.137,-3.466,4.725,0.990,-0.391,-0.224,-2.542,7.511,-0.779,176.62,154.51,1561,112.5,0,0
DATA,109793,TRIAL,4,PICKING,-0.457,0.174,-1.022,-6.473,1.756,5.969,1.029,-0.394,-0.230,-3.542,11.336,-0.023,177.02,155.08,1556,110.5,0,0
DATA,109845,TRIAL,4,PICKING,-0.392,0.213,-1.022,-7.489,-7.557,11.275,1.055,-0.405,-0.252,-2.076,23.649,0.321,176.74,155.89,1535,102.5,0,0
DATA,109897,TRIAL,4,PICKING,-0.450,0.206,-1.045,-13.115,-12.878,19.298,1.079,-0.408,-0.218,4.008,36.130,-4.786,176.21,156.36,1535,102.5,0,0
DATA,109949,TRIAL,4,PICKING,-0.422,0.283,-1.013,-27.725,-15.519,22.519,1.021,-0.433,-0.249,3.168,46.023,-2.802,175.62,157.06,1530,100.6,0,0
DATA,110001,TRIAL,4,PICKING,-0.418,0.258,-1.013,-29.550,-15.450,18.527,1.046,-0.393,-0.110,4.466,45.504,-5.672,174.78,157.30,1526,99.0,0,0
DATA,110053,TRIAL,4,PICKING,-0.396,0.296,-0.948,-20.634,-56.557,16.176,1.008,-0.401,-0.080,9.046,24.824,-0.405,174.28,157.13,1526,99.0,0,0
DATA,110105,TRIAL,4,PICKING,-0.375,0.340,-0.865,-35.794,-59.603,9.191,1.030,-0.379,-0.030,15.313,11.115,4.168,170.89,156.11,1532,101.3,0,0
DATA,110157,TRIAL,4,PICKING,-0.463,0.335,-0.802,-13.679,-76.542,10.954,0.916,-0.422,-0.020,-29.885,25.374,14.290,167.08,154.82,1535,102.5,0,0
DATA,110209,TRIAL,4,PICKING,-0.616,0.302,-0.751,-31.443,-77.885,-4.855,0.842,-0.380,-0.013,-7.168,27.534,28.542,162.61,154.76,1562,112.8,0,0
DATA,110261,TRIAL,4,PICKING,-0.554,0.353,-0.643,-26.290,-81.771,-2.962,0.842,-0.410,0.068,-13.710,17.557,19.885,157.87,153.37,1582,120.5,0,0
DATA,110313,TRIAL,4,PICKING,-0.644,0.340,-0.545,-11.756,-65.206,-0.641,0.777,-0.432,0.117,-21.450,11.137,3.008,153.40,153.43,1600,127.4,0,0
DATA,110365,TRIAL,4,PICKING,-0.639,0.375,-0.524,0.191,-62.038,0.573,0.842,-0.427,0.138,-6.267,0.237,7.557,150.21,152.84,1626,137.4,0,0
DATA,110417,TRIAL,4,PICKING,-0.693,0.347,-0.523,1.527,-38.153,-2.962,0.823,-0.462,0.087,-2.771,-2.282,5.725,147.85,155.31,1662,151.2,0,0
DATA,110469,TRIAL,4,PICKING,-0.697,0.390,-0.469,2.504,-32.000,-0.992,0.846,-0.444,0.135,16.046,0.908,9.115,145.82,155.26,1697,164.6,0,0
DATA,110521,TRIAL,4,PICKING,-0.741,0.357,-0.506,-17.313,-31.511,-11.985,0.896,-0.432,0.121,44.664,-18.290,10.664,144.06,154.46,1741,180.0,0,0
DATA,110573,TRIAL,4,PICKING,-0.850,0.128,-0.402,-28.634,-59.611,-38.809,0.806,-0.514,0.081,39.267,-34.260,12.565,141.75,151.58,1786,180.0,0,0
DATA,110625,TRIAL,4,PICKING,-0.792,0.335,-0.374,6.076,-41.489,-21.443,0.872,-0.488,0.090,6.122,-17.931,4.519,138.13,150.35,1825,180.0,0,0
DATA,110677,TRIAL,4,PICKING,-0.882,0.258,-0.503,-18.924,-17.733,-14.466,0.860,-0.472,0.098,10.802,-14.229,-3.939,137.07,150.25,1852,180.0,0,0
DATA,110729,TRIAL,4,PICKING,-0.849,0.350,-0.395,-49.771,-26.481,-12.344,0.875,-0.490,0.132,24.252,-7.198,-3.565,135.29,149.76,1867,180.0,0,0
DATA,110781,TRIAL,4,PICKING,-0.837,0.347,-0.331,-14.969,-21.626,-11.038,0.873,-0.478,0.143,14.221,0.649,-4.954,134.04,148.76,1877,180.0,0,0
DATA,110833,TRIAL,4,PICKING,-0.849,0.352,-0.287,-10.588,-11.305,-8.344,0.856,-0.633,0.173,-10.183,4.916,-6.229,132.85,148.86,1885,180.0,0,0
DATA,110885,TRIAL,4,PICKING,-0.845,0.326,-0.363,-2.305,-12.748,-6.672,0.899,-0.458,0.100,6.389,2.947,-8.511,132.73,149.22,1887,180.0,0,0
DATA,110937,TRIAL,4,PICKING,-0.860,0.294,-0.339,-13.977,-4.679,-10.061,0.884,-0.458,0.105,9.977,5.183,-3.962,132.78,149.40,1888,180.0,0,0
DATA,110989,TRIAL,4,PICKING,-0.865,0.286,-0.354,-20.954,-8.244,-6.954,0.930,-0.438,0.107,15.794,-2.153,-3.641,132.71,149.67,1890,180.0,0,0
DATA,111041,TRIAL,4,PICKING,-0.857,0.305,-0.335,-16.328,-2.519,-6.580,0.920,-0.431,0.115,9.802,-4.565,-2.519,132.72,149.60,1892,180.0,0,0
DATA,111093,TRIAL,4,PICKING,-0.865,0.287,-0.302,-14.740,-3.290,-3.939,0.922,-0.409,0.150,10.954,-1.824,-0.771,132.45,149.62,1894,180.0,0,0
DATA,111145,TRIAL,4,PICKING,-0.855,0.289,-0.314,-10.992,1.176,-1.969,0.915,-0.420,0.127,7.656,-1.344,0.695,132.63,149.51,1897,180.0,0,0
DATA,111197,TRIAL,4,PICKING,-0.881,0.289,-0.335,-3.649,1.107,-0.046,0.941,-0.436,0.135,-0.084,-1.389,0.985,133.04,149.37,1896,180.0,0,0
DATA,111249,TRIAL,4,PICKING,-0.874,0.286,-0.323,0.878,3.168,1.282,0.930,-0.420,0.117,-3.313,-3.573,1.092,133.47,149.78,1898,180.0,0,0
DATA,111301,TRIAL,4,PICKING,-0.864,0.316,-0.328,6.473,4.916,2.855,0.918,-0.447,0.129,-13.649,-3.328,1.260,133.85,149.43,1898,180.0,0,0
DATA,111353,TRIAL,4,PICKING,-0.866,0.300,-0.371,12.550,2.863,6.359,0.935,-0.448,0.093,-16.260,-4.359,2.962,134.41,149.35,1899,180.0,0,0
DATA,111405,TRIAL,4,PICKING,-0.856,0.296,-0.369,6.649,2.412,5.763,0.921,-0.451,0.088,-8.122,-2.031,4.473,135.20,149.49,1901,180.0,0,0
DATA,111457,TRIAL,4,PICKING,-0.850,0.312,-0.389,-0.099,2.534,3.840,0.922,-0.463,0.060,-3.878,-1.924,3.542,135.79,149.29,1901,180.0,0,0
DATA,111509,TRIAL,4,PICKING,-0.866,0.317,-0.383,1.221,0.939,4.153,0.928,-0.469,0.089,-3.725,1.160,3.611,135.65,149.00,1902,180.0,0,0
DATA,111561,TRIAL,4,PICKING,-0.844,0.315,-0.370,4.405,0.389,4.053,0.915,-0.460,0.074,-5.885,3.015,2.809,135.76,149.23,1902,180.0,0,0
DATA,111613,TRIAL,4,PICKING,-0.853,0.303,-0.403,2.282,0.656,4.664,0.925,-0.462,0.067,-6.053,2.656,2.634,136.31,149.59,1902,180.0,0,0
DATA,111665,TRIAL,4,PICKING,-0.848,0.320,-0.381,0.374,0.099,4.336,0.917,-0.465,0.079,-4.832,2.863,3.519,136.42,149.56,1901,180.0,0,0
DATA,111717,TRIAL,4,PICKING,-0.858,0.317,-0.383,-2.260,-1.260,4.145,0.918,-0.473,0.091,0.000,3.794,4.344,136.43,149.19,1900,180.0,0,0
DATA,111769,TRIAL,4,PICKING,-0.856,0.317,-0.377,-6.405,0.099,2.527,0.921,-0.471,0.101,4.321,2.168,3.748,136.08,149.38,1897,180.0,0,0
DATA,111821,TRIAL,4,PICKING,-0.854,0.333,-0.372,-8.634,-1.092,1.878,0.921,-0.487,0.107,3.237,0.832,3.809,135.70,148.67,1901,180.0,0,0
DATA,111873,TRIAL,4,PICKING,-0.852,0.330,-0.360,-8.611,-0.718,0.649,0.911,-0.479,0.125,5.183,0.260,2.595,135.09,148.54,1900,180.0,0,0
TRIAL_END,PICKING,4
TRIAL_ACCEPT,PICKING,4
ACTION_SET,PICKING
TRIAL_START,PICKING,5
DATA,122225,TRIAL,5,PICKING,-0.470,-0.003,-0.875,1.137,-0.557,0.214,0.959,-0.203,-0.136,-3.687,-0.420,-1.817,177.86,168.60,1562,112.8,0,0
DATA,122277,TRIAL,5,PICKING,-0.480,0.007,-0.883,1.466,1.969,0.466,0.967,-0.211,-0.127,-4.198,-2.847,-2.183,177.97,168.67,1562,112.8,0,0
DATA,122329,TRIAL,5,PICKING,-0.491,0.010,-0.889,-0.183,1.137,-0.290,0.982,-0.216,-0.132,-2.786,-2.641,-0.786,177.47,168.45,1562,112.8,0,0
DATA,122381,TRIAL,5,PICKING,-0.491,-0.003,-0.902,-3.359,0.847,-1.374,0.993,-0.204,-0.140,0.527,-2.595,0.198,177.44,168.88,1560,112.1,0,0
DATA,122433,TRIAL,5,PICKING,-0.482,-0.018,-0.915,-4.008,2.656,-0.198,0.995,-0.194,-0.155,-0.176,-3.038,1.931,178.04,169.17,1560,112.1,0,0
DATA,122485,TRIAL,5,PICKING,-0.496,-0.015,-0.918,-3.511,1.237,2.145,1.004,-0.196,-0.149,-2.084,-0.511,2.916,178.02,169.46,1562,112.8,0,0
DATA,122537,TRIAL,5,PICKING,-0.491,-0.017,-0.923,-2.000,-1.878,5.137,1.009,-0.193,-0.157,-4.603,2.969,3.252,178.23,169.64,1560,112.1,0,0
DATA,122589,TRIAL,5,PICKING,-0.504,-0.033,-0.936,1.115,-4.649,7.092,1.032,-0.189,-0.163,-7.939,6.832,2.031,178.37,170.16,1559,111.7,0,0
DATA,122641,TRIAL,5,PICKING,-0.511,-0.040,-0.970,5.802,-6.313,10.786,1.067,-0.181,-0.179,-13.779,11.611,0.351,178.53,170.89,1556,110.5,0,0
DATA,122693,TRIAL,5,PICKING,-0.524,-0.053,-0.980,10.275,-6.511,14.023,1.080,-0.174,-0.177,-20.092,16.855,-2.053,178.54,172.10,1542,105.2,0,0
DATA,122745,TRIAL,5,PICKING,-0.516,-0.042,-0.969,11.160,-6.145,17.076,1.065,-0.184,-0.155,-20.504,20.695,-3.779,178.61,172.83,1538,103.6,0,0
DATA,122797,TRIAL,5,PICKING,-0.334,0.088,-0.956,5.221,-7.137,29.092,1.010,-0.208,-0.189,-17.206,23.687,2.260,178.29,173.48,1554,109.8,0,0
DATA,122849,TRIAL,5,PICKING,-0.438,0.047,-0.894,-3.740,2.695,17.580,0.981,-0.217,-0.083,-15.000,21.221,2.595,177.91,173.58,1542,105.2,0,0
DATA,122901,TRIAL,5,PICKING,-0.463,0.044,-0.919,-15.084,16.061,16.855,1.006,-0.208,-0.082,-16.740,19.298,5.351,178.01,173.56,1535,102.5,0,0
DATA,122953,TRIAL,5,PICKING,-0.539,-0.003,-0.947,-9.069,11.053,16.588,1.068,-0.178,-0.092,-13.573,12.985,5.710,178.69,174.10,1531,100.9,0,0
DATA,123005,TRIAL,5,PICKING,-0.402,0.020,-0.911,-3.603,27.397,24.046,1.060,-0.212,-0.017,-9.053,17.931,12.168,179.75,174.40,1526,99.0,0,0
DATA,123057,TRIAL,5,PICKING,-0.473,-0.016,-0.984,-13.191,17.412,20.511,1.054,-0.205,-0.087,-7.023,15.481,9.000,178.94,174.59,1525,98.6,0,0
DATA,123109,TRIAL,5,PICKING,-0.432,0.098,-0.967,-5.435,-24.733,22.275,1.008,-0.245,-0.041,-3.679,15.389,8.237,179.83,173.99,1525,98.6,0,0
DATA,123161,TRIAL,5,PICKING,-0.417,0.107,-0.892,-8.885,-33.687,19.802,0.962,-0.244,-0.040,-12.260,4.992,15.435,178.65,173.38,1528,99.8,0,0
DATA,123213,TRIAL,5,PICKING,-0.425,0.104,-0.856,-10.649,-40.229,17.794,0.958,-0.255,-0.016,-2.809,12.115,12.046,176.35,172.93,1531,100.9,0,0
DATA,123265,TRIAL,5,PICKING,-0.494,0.121,-0.876,-13.183,-35.344,8.756,0.992,-0.261,0.007,2.160,8.046,15.321,173.90,172.53,1528,99.8,0,0
DATA,123317,TRIAL,5,PICKING,-0.509,0.115,-0.864,-9.740,-49.267,11.794,1.000,-0.247,-0.003,-2.328,5.198,12.160,171.88,172.61,1534,102.1,0,0
DATA,123369,TRIAL,5,PICKING,-0.561,0.127,-0.881,-8.947,-44.008,6.321,1.036,-0.259,-0.017,-0.153,2.878,10.122,169.73,172.74,1535,102.5,0,0
DATA,123421,TRIAL,5,PICKING,-0.566,0.145,-0.855,-10.313,-52.008,2.252,1.034,-0.261,-0.036,3.267,3.504,11.481,167.50,172.47,1561,112.5,0,0
DATA,123473,TRIAL,5,PICKING,-0.624,0.138,-0.836,-13.679,-62.473,12.038,1.027,-0.281,-0.036,6.618,-3.023,14.359,164.88,172.07,1577,118.6,0,0
DATA,123525,TRIAL,5,PICKING,-0.645,0.150,-0.769,-19.832,-61.580,4.565,1.019,-0.333,-0.031,18.298,-1.626,15.977,161.83,170.67,1599,127.0,0,0
DATA,123577,TRIAL,5,PICKING,-0.695,0.188,-0.672,-27.511,-66.794,1.145,0.932,-0.311,-0.033,20.908,0.878,13.305,158.42,169.16,1632,139.7,0,0
DATA,123629,TRIAL,5,PICKING,-0.707,0.212,-0.634,-35.656,-66.008,-9.122,0.921,-0.356,0.007,28.260,-1.481,8.969,154.90,167.47,1672,155.1,0,0
DATA,123681,TRIAL,5,PICKING,-0.754,0.194,-0.567,-17.870,-59.221,-8.855,0.859,-0.356,0.043,11.015,-11.771,3.504,151.52,166.64,1724,175.0,0,0
DATA,123733,TRIAL,5,PICKING,-0.789,0.196,-0.556,1.366,-59.328,-14.840,0.897,-0.362,0.038,6.168,-11.702,2.130,148.49,165.78,1783,180.0,0,0
DATA,123785,TRIAL,5,PICKING,-0.827,0.134,-0.487,-19.740,-56.023,-32.588,0.875,-0.292,0.074,9.779,-12.481,4.977,145.57,165.33,1837,180.0,0,0
DATA,123837,TRIAL,5,PICKING,-0.785,0.121,-0.414,-27.015,-46.237,-6.733,0.895,-0.290,0.050,20.824,-15.595,1.252,142.65,164.81,1871,180.0,0,0
DATA,123889,TRIAL,5,PICKING,-0.878,0.208,-0.536,-24.122,-31.351,-6.458,0.896,-0.324,0.095,14.405,-17.786,2.069,139.69,164.18,1900,180.0,0,0
DATA,123941,TRIAL,5,PICKING,-0.868,0.272,-0.224,-12.794,-31.809,-6.382,0.926,-0.327,0.123,3.405,-7.412,0.038,137.33,163.89,1920,180.0,0,0
DATA,123993,TRIAL,5,PICKING,-0.882,0.194,-0.244,-6.405,-21.611,0.618,0.925,-0.317,0.125,0.214,1.412,0.718,135.40,163.94,1933,180.0,0,0
DATA,124045,TRIAL,5,PICKING,-0.899,0.189,-0.294,4.901,-12.489,2.687,0.953,-0.331,0.075,-6.000,2.023,-0.336,134.21,164.14,1936,180.0,0,0
DATA,124097,TRIAL,5,PICKING,-0.909,0.169,-0.293,-2.855,-0.618,-1.122,0.965,-0.319,0.066,0.397,-0.504,-0.672,133.77,164.51,1942,180.0,0,0
DATA,124149,TRIAL,5,PICKING,-0.908,0.182,-0.304,-4.252,2.038,-1.053,0.969,-0.337,0.058,0.565,-2.191,0.237,134.12,164.82,1945,180.0,0,0
DATA,124201,TRIAL,5,PICKING,-0.903,0.190,-0.332,-0.985,6.137,-0.053,0.967,-0.335,0.017,-0.656,-3.115,0.954,134.82,165.16,1945,180.0,0,0
DATA,124253,TRIAL,5,PICKING,-0.887,0.197,-0.342,3.290,5.397,1.733,0.960,-0.331,0.008,-4.489,-1.206,1.679,135.53,165.13,1947,180.0,0,0
DATA,124305,TRIAL,5,PICKING,-0.901,0.177,-0.364,-1.885,1.489,3.679,0.975,-0.328,-0.009,0.198,0.191,4.137,136.20,165.11,1949,180.0,0,0
DATA,124357,TRIAL,5,PICKING,-0.897,0.177,-0.362,-11.916,1.252,2.282,0.972,-0.340,0.005,6.435,-0.702,4.863,136.62,164.93,1950,180.0,0,0
DATA,124409,TRIAL,5,PICKING,-0.896,0.189,-0.353,-8.214,2.221,1.954,0.964,-0.337,0.006,3.573,0.710,3.282,136.56,164.82,1950,180.0,0,0
DATA,124461,TRIAL,5,PICKING,-0.879,0.198,-0.382,3.664,1.336,4.214,0.960,-0.350,-0.019,-6.740,0.679,3.405,136.78,164.35,1949,180.0,0,0
DATA,124513,TRIAL,5,PICKING,-0.885,0.166,-0.389,7.885,1.328,5.878,0.965,-0.330,-0.018,-9.672,1.191,4.496,137.45,164.69,1951,180.0,0,0
DATA,124565,TRIAL,5,PICKING,-0.890,0.184,-0.364,-3.931,1.824,5.122,0.963,-0.342,0.007,-1.634,1.756,6.061,137.35,164.88,1953,180.0,0,0
DATA,124617,TRIAL,5,PICKING,-0.889,0.212,-0.389,-3.008,1.939,5.328,0.956,-0.385,0.007,-1.939,0.260,6.198,137.61,164.16,1954,180.0,0,0
DATA,124669,TRIAL,5,PICKING,-0.886,0.218,-0.401,0.641,4.519,4.153,0.965,-0.379,-0.024,-3.702,-3.588,5.130,137.93,163.61,1954,180.0,0,0
DATA,124721,TRIAL,5,PICKING,-0.879,0.201,-0.377,-2.969,5.756,2.763,0.954,-0.368,-0.001,-2.038,-5.237,3.725,138.42,163.49,1955,180.0,0,0
DATA,124773,TRIAL,5,PICKING,-0.881,0.222,-0.403,-9.756,3.992,2.351,0.959,-0.392,-0.034,5.740,-4.977,5.405,138.33,163.12,1954,180.0,0,0
DATA,124825,TRIAL,5,PICKING,-0.883,0.213,-0.379,-12.511,1.779,1.695,0.956,-0.384,0.002,7.214,-2.634,4.427,137.89,162.61,1957,180.0,0,0
DATA,124877,TRIAL,5,PICKING,-0.873,0.242,-0.392,-8.229,0.939,1.481,0.948,-0.406,-0.024,3.756,-1.053,3.313,137.63,161.91,1955,180.0,0,0
TRIAL_END,PICKING,5
TRIAL_ACCEPT,PICKING,5
ACTION_SET,PICKING
TRIAL_START,PICKING,6
DATA,135097,TRIAL,6,PICKING,-0.539,-0.038,-0.849,-0.832,6.366,3.168,0.992,-0.141,-0.093,-4.733,-5.855,2.481,174.64,178.69,1526,99.0,0,0
DATA,135149,TRIAL,6,PICKING,-0.550,-0.035,-0.833,-0.802,5.832,0.634,0.991,-0.142,-0.081,-3.069,-6.511,0.084,174.38,178.41,1526,99.0,0,0
DATA,135201,TRIAL,6,PICKING,-0.547,-0.050,-0.856,-0.359,3.893,-3.153,1.005,-0.128,-0.095,-1.779,-6.069,-1.466,174.96,178.59,1529,100.2,0,0
DATA,135253,TRIAL,6,PICKING,-0.536,-0.064,-0.871,-1.672,3.931,-3.092,1.011,-0.118,-0.117,-0.137,-6.435,-2.023,175.63,179.04,1527,99.4,0,0
DATA,135305,TRIAL,6,PICKING,-0.534,-0.076,-0.889,-2.023,6.023,-1.870,1.021,-0.111,-0.132,-1.374,-7.389,0.344,176.50,179.13,1528,99.8,0,0
DATA,135357,TRIAL,6,PICKING,-0.528,-0.071,-0.890,-1.855,4.145,0.328,1.020,-0.110,-0.139,-2.099,-4.466,1.275,177.09,179.31,1532,101.3,0,0
DATA,135409,TRIAL,6,PICKING,-0.526,-0.070,-0.888,-1.313,3.725,1.298,1.021,-0.122,-0.139,-3.206,-3.855,1.397,177.24,179.01,1532,101.3,0,0
DATA,135461,TRIAL,6,PICKING,-0.519,-0.072,-0.886,-2.076,0.832,1.275,1.010,-0.116,-0.139,-2.160,-1.229,0.977,177.32,179.16,1531,100.9,0,0
DATA,135513,TRIAL,6,PICKING,-0.513,-0.074,-0.888,-0.412,0.611,1.565,1.001,-0.114,-0.140,-3.550,-0.710,0.443,177.85,179.17,1532,101.3,0,0
DATA,135565,TRIAL,6,PICKING,-0.510,-0.077,-0.896,1.168,1.366,0.618,1.011,-0.111,-0.150,-4.298,-1.649,-1.206,178.21,179.39,1534,102.1,0,0
DATA,135617,TRIAL,6,PICKING,-0.532,-0.095,-0.917,3.779,1.336,2.847,1.045,-0.096,-0.156,-8.053,-0.160,-1.489,178.16,179.81,1534,102.1,0,0
DATA,135669,TRIAL,6,PICKING,-0.581,-0.114,-0.981,8.115,1.344,7.290,1.131,-0.085,-0.174,-15.740,3.267,0.298,178.36,178.94,1530,100.6,0,0
DATA,135721,TRIAL,6,PICKING,-0.591,-0.146,-1.015,10.756,-8.405,15.924,1.173,-0.073,-0.200,-24.718,21.267,3.626,178.45,177.88,1523,97.9,0,0
DATA,135773,TRIAL,6,PICKING,-0.600,-0.152,-1.037,6.374,-13.031,25.061,1.204,-0.081,-0.212,-28.168,42.763,6.160,178.08,176.61,1515,94.8,0,0
DATA,135825,TRIAL,6,PICKING,-0.575,-0.124,-0.995,7.397,-19.672,34.710,1.162,-0.102,-0.105,-32.191,52.282,9.695,177.27,175.01,1514,94.4,0,0
DATA,135877,TRIAL,6,PICKING,-0.569,-0.060,-0.941,-13.229,-9.565,39.412,1.080,-0.129,-0.060,-21.794,57.351,10.962,176.02,174.38,1513,94.0,0,0
DATA,135929,TRIAL,6,PICKING,-0.501,0.006,-0.875,-18.282,3.282,39.695,1.086,-0.109,-0.016,-35.786,21.046,10.992,175.56,174.01,1507,91.7,0,0
DATA,135981,TRIAL,6,PICKING,-0.502,0.101,-0.860,-23.489,49.489,40.023,1.007,-0.170,0.029,-5.939,31.076,23.756,176.78,174.47,1501,89.4,0,0
DATA,136033,TRIAL,6,PICKING,-0.470,0.002,-0.860,-14.412,-28.145,33.282,0.970,-0.162,0.066,-8.000,22.924,22.252,176.70,175.11,1502,89.8,0,0
DATA,136085,TRIAL,6,PICKING,-0.470,0.058,-0.820,-21.702,-47.496,24.183,0.966,-0.142,0.054,-5.122,12.496,25.023,173.97,175.37,1503,90.2,0,0
DATA,136137,TRIAL,6,PICKING,-0.533,0.108,-0.833,-4.168,-50.985,24.122,0.976,-0.210,0.089,-11.710,8.702,21.160,170.65,176.23,1509,92.5,0,0
DATA,136189,TRIAL,6,PICKING,-0.538,0.120,-0.810,-1.504,-61.885,22.420,1.042,-0.233,0.067,-17.092,1.481,23.305,168.27,176.62,1522,97.5,0,0
DATA,136241,TRIAL,6,PICKING,-0.636,0.124,-0.794,-8.191,-86.466,19.679,1.024,-0.261,0.040,2.359,-3.092,30.588,164.66,177.86,1538,103.6,0,0
DATA,136293,TRIAL,6,PICKING,-0.646,0.112,-0.734,-36.489,-92.565,13.534,1.005,-0.284,0.009,32.595,-6.344,35.344,160.45,179.90,1579,119.4,0,0
DATA,136345,TRIAL,6,PICKING,-0.700,0.105,-0.599,-45.069,-67.618,4.282,0.912,-0.276,0.040,29.687,-12.939,31.176,155.63,177.92,1624,136.6,0,0
DATA,136397,TRIAL,6,PICKING,-0.725,0.190,-0.522,-50.847,-68.954,-2.015,0.843,-0.323,0.108,33.435,-29.031,27.458,150.69,174.90,1688,161.2,0,0
DATA,136449,TRIAL,6,PICKING,-0.716,0.171,-0.426,-48.298,-58.466,-6.489,0.814,-0.321,0.102,31.221,-18.687,13.053,146.44,173.02,1759,180.0,0,0
DATA,136501,TRIAL,6,PICKING,-0.837,0.243,-0.373,-52.145,-54.206,-6.786,0.833,-0.416,0.185,34.260,-8.153,16.206,142.51,171.29,1812,180.0,0,0
DATA,136553,TRIAL,6,PICKING,-0.863,0.204,-0.315,-65.221,-36.366,-5.649,0.852,-0.343,0.291,43.137,4.969,5.519,138.65,169.94,1847,180.0,0,0
DATA,136605,TRIAL,6,PICKING,-0.869,0.316,-0.250,-42.969,-34.466,-6.427,0.891,-0.373,0.263,27.672,16.221,1.527,135.37,169.29,1865,180.0,0,0
DATA,136657,TRIAL,6,PICKING,-0.894,0.270,-0.247,-0.695,-21.031,0.313,0.915,-0.366,0.261,2.061,20.901,-1.244,133.46,169.47,1870,180.0,0,0
DATA,136709,TRIAL,6,PICKING,-0.880,0.234,-0.287,8.053,-15.382,1.267,0.935,-0.331,0.233,-8.611,14.405,-2.962,132.48,170.17,1871,180.0,0,0
DATA,136761,TRIAL,6,PICKING,-0.898,0.229,-0.285,-10.374,-3.450,-1.038,0.961,-0.329,0.227,3.374,6.802,0.382,132.11,170.69,1872,180.0,0,0
DATA,136813,TRIAL,6,PICKING,-0.900,0.257,-0.378,2.511,-8.344,4.725,0.992,-0.376,0.163,-5.160,-8.137,3.336,132.13,170.69,1874,180.0,0,0
DATA,136865,TRIAL,6,PICKING,-0.890,0.244,-0.292,4.092,-0.779,-0.786,0.961,-0.354,0.177,-4.824,-14.450,3.435,132.49,170.73,1883,180.0,0,0
DATA,136917,TRIAL,6,PICKING,-0.905,0.248,-0.300,4.153,-5.817,4.626,0.971,-0.370,0.178,-8.305,-13.557,3.153,132.18,170.87,1894,180.0,0,0
DATA,136969,TRIAL,6,PICKING,-0.880,0.252,-0.293,-5.611,-1.740,1.710,0.937,-0.367,0.154,2.557,-12.885,5.137,132.37,170.30,1904,180.0,0,0
DATA,137021,TRIAL,6,PICKING,-0.899,0.260,-0.289,-5.908,-4.321,2.038,0.960,-0.368,0.156,0.595,-10.634,4.611,132.00,170.14,1909,180.0,0,0
DATA,137073,TRIAL,6,PICKING,-0.891,0.254,-0.260,-7.687,1.275,1.252,0.944,-0.372,0.168,-0.908,-5.550,3.351,131.46,169.85,1916,180.0,0,0
DATA,137125,TRIAL,6,PICKING,-0.891,0.257,-0.303,-3.641,0.687,2.618,0.952,-0.384,0.139,1.229,-1.611,4.168,131.68,169.29,1919,180.0,0,0
DATA,137177,TRIAL,6,PICKING,-0.888,0.265,-0.304,-2.763,3.740,1.458,0.952,-0.381,0.138,0.031,-0.221,3.412,132.26,169.31,1921,180.0,0,0
DATA,137229,TRIAL,6,PICKING,-0.899,0.259,-0.336,-3.473,1.198,1.947,0.967,-0.385,0.122,0.015,0.649,3.168,132.80,169.12,1922,180.0,0,0
DATA,137281,TRIAL,6,PICKING,-0.897,0.257,-0.329,-4.634,1.618,1.176,0.961,-0.386,0.127,-1.298,-1.641,1.275,133.33,169.21,1922,180.0,0,0
DATA,137333,TRIAL,6,PICKING,-0.886,0.286,-0.313,-0.618,2.496,1.450,0.948,-0.401,0.132,-6.802,-3.763,0.641,133.42,168.79,1923,180.0,0,0
DATA,137385,TRIAL,6,PICKING,-0.873,0.266,-0.297,-1.092,0.870,2.794,0.932,-0.388,0.149,-3.168,-0.305,2.802,132.96,168.79,1925,180.0,0,0
DATA,137437,TRIAL,6,PICKING,-0.899,0.255,-0.331,-5.046,-0.824,1.779,0.967,-0.388,0.137,2.855,2.542,3.000,132.73,169.02,1924,180.0,0,0
DATA,137489,TRIAL,6,PICKING,-0.891,0.265,-0.343,2.611,2.344,1.298,0.967,-0.399,0.119,-3.519,-1.328,1.130,133.30,168.99,1924,180.0,0,0
DATA,137541,TRIAL,6,PICKING,-0.870,0.264,-0.323,5.397,2.687,1.824,0.939,-0.387,0.121,-8.710,-2.802,0.328,133.99,169.29,1927,180.0,0,0
DATA,137593,TRIAL,6,PICKING,-0.888,0.257,-0.325,4.351,1.786,2.153,0.953,-0.386,0.124,-6.298,1.076,1.504,133.85,169.42,1926,180.0,0,0
DATA,137645,TRIAL,6,PICKING,-0.887,0.253,-0.338,3.725,0.748,3.015,0.956,-0.384,0.118,-6.832,2.748,1.618,134.34,169.95,1925,180.0,0,0
DATA,137697,TRIAL,6,PICKING,-0.871,0.263,-0.360,4.527,3.099,3.191,0.947,-0.385,0.104,-8.954,0.351,1.565,135.02,170.04,1924,180.0,0,0
DATA,137749,TRIAL,6,PICKING,-0.885,0.265,-0.369,2.809,3.473,4.885,0.964,-0.398,0.104,-6.985,-2.122,4.969,135.63,169.73,1925,180.0,0,0
DATA,137801,TRIAL,6,PICKING,-0.868,0.268,-0.341,-8.321,3.527,4.290,0.934,-0.401,0.113,0.183,-2.595,6.321,135.16,169.49,1925,180.0,0,0
DATA,137853,TRIAL,6,PICKING,-0.883,0.300,-0.349,-10.328,2.313,3.481,0.947,-0.440,0.124,6.099,0.954,7.443,134.78,168.66,1924,180.0,0,0
DATA,137905,TRIAL,6,PICKING,-0.873,0.279,-0.363,-10.473,0.076,2.908,0.953,-0.422,0.109,7.176,1.893,5.847,134.67,168.19,1924,180.0,0,0
DATA,137957,TRIAL,6,PICKING,-0.881,0.291,-0.336,-11.924,0.321,-0.061,0.948,-0.430,0.137,5.985,1.038,3.015,134.56,168.03,1922,180.0,0,0
DATA,138009,TRIAL,6,PICKING,-0.871,0.300,-0.353,-3.328,-0.244,0.908,0.941,-0.430,0.126,-0.420,0.183,0.809,134.44,167.85,1922,180.0,0,0
DATA,138061,TRIAL,6,PICKING,-0.872,0.306,-0.322,0.992,1.466,0.557,0.931,-0.430,0.147,-3.206,0.618,0.695,133.97,167.91,1922,180.0,0,0
TRIAL_END,PICKING,6
TRIAL_ACCEPT,PICKING,6
ACTION_SET,HALF_RAISED
TRIAL_START,HALF_RAISED,7
DATA,179032,TRIAL,7,HALF_RAISED,0.985,0.293,-0.018,2.580,3.779,-0.824,-0.885,-0.208,-0.234,-5.725,-4.321,-1.695,165.02,80.47,1890,180.0,0,0
DATA,179084,TRIAL,7,HALF_RAISED,0.985,0.288,-0.021,1.603,0.969,-0.481,-0.884,-0.210,-0.241,-4.710,-2.008,-1.779,165.25,80.95,1891,180.0,0,0
DATA,179136,TRIAL,7,HALF_RAISED,0.979,0.289,-0.015,-0.817,-0.771,0.076,-0.880,-0.208,-0.230,-2.718,0.115,-1.366,165.36,81.30,1891,180.0,0,0
DATA,179188,TRIAL,7,HALF_RAISED,0.984,0.292,-0.019,-1.450,-2.649,1.153,-0.893,-0.208,-0.233,-1.756,2.206,-0.099,165.21,81.24,1891,180.0,0,0
DATA,179240,TRIAL,7,HALF_RAISED,0.990,0.294,-0.009,-2.802,-3.443,1.603,-0.893,-0.210,-0.233,-0.588,3.542,0.962,165.06,81.18,1891,180.0,0,0
DATA,179292,TRIAL,7,HALF_RAISED,0.987,0.292,-0.016,-4.756,-3.672,1.794,-0.892,-0.215,-0.227,0.916,4.298,1.282,164.91,80.98,1890,180.0,0,0
DATA,179344,TRIAL,7,HALF_RAISED,0.982,0.300,-0.012,-0.008,-2.427,2.412,-0.892,-0.223,-0.215,-4.618,3.481,-1.069,164.53,80.70,1890,180.0,0,0
DATA,179396,TRIAL,7,HALF_RAISED,0.979,0.299,-0.008,8.939,-1.053,1.450,-0.888,-0.223,-0.222,-11.916,2.214,-4.290,164.63,80.58,1891,180.0,0,0
DATA,179448,TRIAL,7,HALF_RAISED,0.990,0.292,-0.023,6.649,-0.542,-0.641,-0.889,-0.218,-0.234,-8.840,1.038,-5.168,165.29,81.26,1889,180.0,0,0
DATA,179500,TRIAL,7,HALF_RAISED,0.985,0.297,-0.030,-0.863,-0.237,-2.229,-0.884,-0.223,-0.235,-1.137,-0.786,-3.756,165.37,81.62,1892,180.0,0,0
DATA,179552,TRIAL,7,HALF_RAISED,1.000,0.296,-0.027,-1.435,2.542,-4.046,-0.911,-0.251,-0.221,-1.550,-2.336,-6.664,165.31,81.03,1890,180.0,0,0
DATA,179604,TRIAL,7,HALF_RAISED,1.014,0.348,0.000,20.389,10.046,-8.023,-0.947,-0.293,-0.206,-24.107,-6.298,-20.305,165.35,80.65,1887,180.0,0,0
DATA,179656,TRIAL,7,HALF_RAISED,0.904,0.401,0.155,53.885,21.176,-19.641,-0.850,-0.421,-0.095,-63.931,-11.489,-45.008,166.71,80.87,1874,180.0,0,0
DATA,179708,TRIAL,7,HALF_RAISED,0.930,0.582,-0.059,106.015,20.145,-33.802,-0.861,-0.594,-0.198,-84.870,-23.099,-81.733,169.47,81.71,1868,180.0,0,0
DATA,179760,TRIAL,7,HALF_RAISED,0.992,0.581,-0.065,140.214,21.229,-61.214,-0.927,-0.541,-0.220,-104.580,-31.588,-96.382,173.72,83.41,1871,180.0,0,0
DATA,179812,TRIAL,7,HALF_RAISED,0.976,0.547,-0.089,120.183,10.557,-77.450,-0.917,-0.507,-0.246,-81.115,-40.168,-104.603,177.45,84.72,1876,180.0,0,0
DATA,179864,TRIAL,7,HALF_RAISED,0.973,0.543,-0.135,71.527,-7.496,-91.733,-0.922,-0.497,-0.331,-33.191,-27.397,-100.740,179.30,85.72,1883,180.0,0,0
DATA,179916,TRIAL,7,HALF_RAISED,0.908,0.619,-0.185,27.031,-20.290,-103.107,-0.863,-0.592,-0.283,8.718,-13.962,-96.656,178.71,85.29,1888,180.0,0,0
DATA,179968,TRIAL,7,HALF_RAISED,0.855,0.677,-0.198,1.641,-24.855,-104.214,-0.827,-0.632,-0.254,33.557,-3.893,-97.038,176.05,83.73,1889,180.0,0,0
DATA,180020,TRIAL,7,HALF_RAISED,0.788,0.716,-0.164,11.496,-23.573,-103.221,-0.804,-0.643,-0.234,15.641,0.305,-105.672,173.57,82.30,1892,180.0,0,0
DATA,180072,TRIAL,7,HALF_RAISED,0.713,0.761,-0.269,21.252,-36.824,-100.321,-0.681,-0.707,-0.241,24.092,17.244,-97.817,171.58,81.93,1891,180.0,0,0
DATA,180124,TRIAL,7,HALF_RAISED,0.619,0.780,-0.263,22.962,-28.359,-97.664,-0.583,-0.770,-0.190,15.786,2.588,-98.389,170.02,81.76,1892,180.0,0,0
DATA,180176,TRIAL,7,HALF_RAISED,0.562,0.811,-0.231,16.015,-22.573,-91.977,-0.568,-0.755,-0.171,13.580,0.435,-91.687,168.29,81.45,1894,180.0,0,0
DATA,180228,TRIAL,7,HALF_RAISED,0.463,0.779,-0.253,15.756,-27.496,-81.046,-0.467,-0.739,-0.143,17.832,8.664,-84.008,166.62,81.59,1893,180.0,0,0
DATA,180280,TRIAL,7,HALF_RAISED,0.395,0.796,-0.314,2.015,-36.588,-71.779,-0.364,-0.754,-0.195,28.763,12.267,-65.466,165.00,81.68,1891,180.0,0,0
DATA,180332,TRIAL,7,HALF_RAISED,0.302,0.772,-0.328,-18.626,-32.237,-59.267,-0.295,-0.767,-0.147,40.298,13.069,-51.618,162.84,81.38,1890,180.0,0,0
DATA,180384,TRIAL,7,HALF_RAISED,0.245,0.832,-0.293,-28.573,-28.603,-51.542,-0.238,-0.816,-0.099,42.298,14.763,-41.221,160.38,79.76,1886,180.0,0,0
DATA,180436,TRIAL,7,HALF_RAISED,0.174,0.839,-0.266,-12.252,-23.679,-36.924,-0.196,-0.831,-0.050,31.847,19.939,-32.092,157.63,78.66,1883,180.0,0,0
DATA,180488,TRIAL,7,HALF_RAISED,0.144,0.847,-0.269,2.718,-24.061,-24.046,-0.168,-0.846,-0.026,11.840,22.840,-27.023,155.99,78.31,1875,180.0,0,0
DATA,180540,TRIAL,7,HALF_RAISED,0.128,0.845,-0.300,4.160,-16.908,-13.214,-0.129,-0.879,-0.041,-4.992,22.160,-19.267,155.27,77.85,1866,180.0,0,0
DATA,180592,TRIAL,7,HALF_RAISED,0.100,0.846,-0.313,-3.153,-17.221,-4.626,-0.112,-0.865,-0.038,18.336,28.748,-6.863,154.52,78.03,1855,180.0,0,0
DATA,180644,TRIAL,7,HALF_RAISED,0.105,0.879,-0.332,-4.725,-15.672,2.015,-0.105,-0.921,-0.036,6.115,21.771,0.229,154.15,78.20,1845,180.0,0,0
DATA,180696,TRIAL,7,HALF_RAISED,0.087,0.902,-0.326,-2.214,-10.870,6.977,-0.105,-0.934,-0.028,10.786,20.389,8.282,153.63,78.42,1842,180.0,0,0
DATA,180748,TRIAL,7,HALF_RAISED,0.098,0.925,-0.327,-3.069,-7.359,8.420,-0.098,-0.982,0.006,-2.130,8.626,7.405,152.98,78.15,1840,180.0,0,0
DATA,180800,TRIAL,7,HALF_RAISED,0.094,0.945,-0.328,-1.916,-4.763,8.137,-0.112,-1.000,-0.018,-2.641,5.802,10.656,152.67,78.52,1840,180.0,0,0
DATA,180852,TRIAL,7,HALF_RAISED,0.118,0.954,-0.315,-8.656,-3.305,5.565,-0.146,-1.009,-0.008,-0.191,-0.038,7.718,152.32,78.07,1842,180.0,0,0
DATA,180904,TRIAL,7,HALF_RAISED,0.105,0.965,-0.277,0.878,0.359,3.626,-0.151,-1.009,0.016,-4.611,-1.214,3.611,151.89,77.76,1845,180.0,0,0
DATA,180956,TRIAL,7,HALF_RAISED,0.106,0.932,-0.281,5.687,1.618,2.305,-0.149,-0.984,0.018,-9.420,-1.382,-0.611,151.75,77.58,1846,180.0,0,0
DATA,181008,TRIAL,7,HALF_RAISED,0.115,0.930,-0.304,2.687,3.656,0.695,-0.147,-0.973,0.012,-10.634,-5.015,-1.252,151.92,77.45,1845,180.0,0,0
DATA,181060,TRIAL,7,HALF_RAISED,0.101,0.920,-0.318,-1.901,7.595,-0.878,-0.121,-0.978,-0.024,-0.382,-3.779,0.000,152.23,77.52,1845,180.0,0,0
DATA,181112,TRIAL,7,HALF_RAISED,0.114,0.924,-0.354,-7.954,8.252,-1.679,-0.121,-0.975,-0.042,1.023,-9.550,2.137,152.56,77.90,1844,180.0,0,0
DATA,181164,TRIAL,7,HALF_RAISED,0.111,0.902,-0.365,-7.771,12.832,-0.618,-0.106,-0.950,-0.059,4.573,-14.122,3.931,152.92,78.20,1845,180.0,0,0
DATA,181216,TRIAL,7,HALF_RAISED,0.116,0.901,-0.363,-1.504,12.427,2.015,-0.120,-0.938,-0.071,-8.321,-19.160,7.153,153.59,78.63,1849,180.0,0,0
DATA,181268,TRIAL,7,HALF_RAISED,0.128,0.902,-0.335,-2.863,11.198,3.656,-0.136,-0.954,-0.077,-3.924,-17.969,10.076,154.42,79.25,1852,180.0,0,0
DATA,181320,TRIAL,7,HALF_RAISED,0.139,0.908,-0.313,-8.145,8.145,5.794,-0.163,-0.947,-0.056,-1.382,-14.076,11.237,155.01,79.05,1856,180.0,0,0
DATA,181372,TRIAL,7,HALF_RAISED,0.148,0.925,-0.302,-6.595,6.038,8.695,-0.176,-0.958,-0.043,-2.252,-5.237,11.794,155.04,78.52,1858,180.0,0,0
DATA,181424,TRIAL,7,HALF_RAISED,0.153,0.908,-0.306,-8.908,3.863,10.198,-0.184,-0.953,-0.051,-0.084,0.557,11.855,155.08,78.24,1859,180.0,0,0
DATA,181476,TRIAL,7,HALF_RAISED,0.155,0.936,-0.357,-11.901,0.969,9.115,-0.165,-0.991,-0.091,5.878,2.427,10.954,155.19,78.24,1859,180.0,0,0
DATA,181528,TRIAL,7,HALF_RAISED,0.181,0.916,-0.379,-7.191,0.076,9.649,-0.172,-0.960,-0.112,-1.092,-0.840,10.519,155.35,78.59,1859,180.0,0,0
DATA,181580,TRIAL,7,HALF_RAISED,0.200,0.886,-0.375,-6.359,-3.962,12.137,-0.186,-0.921,-0.132,-3.153,-0.916,13.878,155.65,78.95,1862,180.0,0,0
DATA,181632,TRIAL,7,HALF_RAISED,0.220,0.892,-0.321,-11.405,-8.573,15.183,-0.226,-0.921,-0.122,10.298,8.122,20.977,155.78,78.81,1865,180.0,0,0
DATA,181684,TRIAL,7,HALF_RAISED,0.224,0.919,-0.262,-10.634,-14.603,18.985,-0.279,-0.929,-0.052,3.901,17.802,20.336,155.25,78.25,1867,180.0,0,0
DATA,181736,TRIAL,7,HALF_RAISED,0.228,0.929,-0.224,-10.725,-17.153,21.031,-0.294,-0.944,-0.004,5.969,29.137,18.389,154.47,77.42,1865,180.0,0,0
DATA,181788,TRIAL,7,HALF_RAISED,0.220,0.933,-0.245,-9.053,-19.634,20.198,-0.286,-0.961,-0.008,4.374,35.611,14.076,153.46,76.91,1860,180.0,0,0
DATA,181840,TRIAL,7,HALF_RAISED,0.247,0.957,-0.250,-11.084,-17.168,17.344,-0.300,-0.979,-0.020,10.870,36.229,10.679,152.42,76.37,1848,180.0,0,0
DATA,181892,TRIAL,7,HALF_RAISED,0.242,0.970,-0.261,-8.427,-16.221,13.809,-0.286,-0.991,0.001,5.733,30.427,7.130,151.44,76.02,1836,180.0,0,0
DATA,181944,TRIAL,7,HALF_RAISED,0.253,0.972,-0.244,-4.733,-12.252,9.038,-0.292,-0.989,0.009,2.870,23.473,5.153,150.62,76.15,1824,180.0,0,0
DATA,181996,TRIAL,7,HALF_RAISED,0.245,0.960,-0.254,-8.008,-8.229,4.351,-0.273,-0.985,0.011,3.893,12.740,3.855,149.93,75.91,1821,180.0,0,0
DATA,182048,TRIAL,7,HALF_RAISED,0.255,0.959,-0.256,-9.847,-3.321,0.107,-0.283,-0.976,0.011,4.214,2.229,2.229,149.62,75.35,1818,180.0,0,0
DATA,182100,TRIAL,7,HALF_RAISED,0.240,0.944,-0.236,-4.588,2.573,-2.534,-0.274,-0.957,0.010,1.160,-6.908,0.763,149.40,74.74,1819,180.0,0,0
DATA,182152,TRIAL,7,HALF_RAISED,0.250,0.919,-0.229,-1.405,6.344,-3.038,-0.283,-0.922,0.005,-0.092,-12.351,0.275,149.54,74.45,1822,180.0,0,0
TRIAL_END,HALF_RAISED,7
TRIAL_REJECT,HALF_RAISED,7
